Sample,End,Position,Substitution,Pos_Count,Neg_Count,Combined_Count,Pos_Total,Neg_Total,Combined_Total,Frequency
DAL192,3p,1,G>A,21,9,30,6350003,6167708,12517711,2.396604299300407e-06
DAL192,3p,2,G>A,121,41,162,6350003,6167706,12517709,1.294166528395891e-05
DAL192,3p,3,G>A,121,60,181,6350003,6167708,12517711,1.4459512605779125e-05
DAL192,3p,4,G>A,147,116,263,6350003,6167708,12517711,2.1010231023866904e-05
DAL192,3p,5,G>A,373,616,989,6350003,6167708,12517711,7.900805506693676e-05
DAL192,3p,6,G>A,384,726,1110,6350003,6167708,12517711,8.867435907411507e-05
DAL192,3p,7,G>A,342,664,1006,6350003,6167708,12517711,8.036613083654033e-05
DAL192,3p,8,G>A,482,745,1227,6350003,6167618,12517621,9.802182059993668e-05
DAL192,3p,9,G>A,518,1010,1528,6350003,6167637,12517640,0.0001220677380081
DAL192,3p,10,G>A,896,605,1501,6350003,6167645,12517648,0.0001199107052698
DAL192,3p,11,G>A,896,886,1782,6349987,6167644,12517631,0.0001423592051882
DAL192,3p,12,G>A,774,1435,2209,6349997,6167646,12517643,0.000176470921882
DAL192,3p,13,G>A,683,765,1448,6349992,6167621,12517613,0.0001156770064708
DAL192,3p,14,G>A,454,1052,1506,6349967,6167610,12517577,0.0001203108237321
DAL192,3p,15,G>A,636,1078,1714,6349968,6167615,12517583,0.0001369273924526
DAL192,3p,16,G>A,530,745,1275,6349943,6167587,12517530,0.000101857155525
DAL192,3p,17,G>A,548,714,1262,6349922,6167606,12517528,0.0001008186280869
DAL192,3p,18,G>A,687,1077,1764,6349922,6167564,12517486,0.0001409228658214
DAL192,3p,19,G>A,671,949,1620,6349921,6167519,12517440,0.0001294194340056
DAL192,3p,20,G>A,588,662,1250,6349910,6167516,12517426,9.986078607534808e-05
DAL192,3p,21,G>A,756,796,1552,6349882,6167507,12517389,0.0001239875184832
DAL192,3p,22,G>A,912,631,1543,6349894,6167488,12517382,0.0001232685876327
DAL192,3p,23,G>A,858,670,1528,6349902,6167465,12517367,0.0001220704002686
DAL192,3p,24,G>A,872,818,1690,6349899,6167465,12517364,0.0001350124515033
DAL192,3p,25,G>A,722,780,1502,6349856,6167384,12517240,0.0001199945035806
DAL192,5p,1,G>A,5,15,20,6350003,6167708,12517711,1.5977361995336048e-06
DAL192,5p,2,G>A,157,146,303,6349992,6167694,12517686,2.4205751765941405e-05
DAL192,5p,3,G>A,115,59,174,6350003,6167707,12517710,1.390030604639347e-05
DAL192,5p,4,G>A,241,80,321,6350003,6167708,12517711,2.564366600251436e-05
DAL192,5p,5,G>A,683,611,1294,6350003,6167707,12517710,0.000103373540368
DAL192,5p,6,G>A,932,750,1682,6350002,6167707,12517709,0.0001343696358494
DAL192,5p,7,G>A,398,343,741,6350002,6167708,12517710,5.919613092171012e-05
DAL192,5p,8,G>A,569,467,1036,6349926,6167708,12517634,8.276324423609127e-05
DAL192,5p,9,G>A,553,1386,1939,6349914,6167708,12517622,0.0001549016258838
DAL192,5p,10,G>A,1067,1038,2105,6349896,6167708,12517604,0.0001681631724409
DAL192,5p,11,G>A,945,752,1697,6349942,6167706,12517648,0.0001355685988294
DAL192,5p,12,G>A,650,678,1328,6349906,6167700,12517606,0.0001060905735489
DAL192,5p,13,G>A,626,549,1175,6349906,6167705,12517611,9.38677516021228e-05
DAL192,5p,14,G>A,784,679,1463,6349889,6167679,12517568,0.0001168757381625
DAL192,5p,15,G>A,785,686,1471,6349890,6167649,12517539,0.0001175151121957
DAL192,5p,16,G>A,736,1089,1825,6349904,6167639,12517543,0.0001457953849249
DAL192,5p,17,G>A,689,1221,1910,6349778,6167623,12517401,0.0001525875858734
DAL192,5p,18,G>A,789,1083,1872,6349859,6167631,12517490,0.0001495507485925
DAL192,5p,19,G>A,874,756,1630,6349822,6167638,12517460,0.000130218111342
DAL192,5p,20,G>A,881,775,1656,6349836,6167621,12517457,0.0001322952417571
DAL192,5p,21,G>A,957,1098,2055,6349784,6167624,12517408,0.0001641713683855
DAL192,5p,22,G>A,857,813,1670,6349783,6167584,12517367,0.0001334146390371
DAL192,5p,23,G>A,869,898,1767,6349801,6167567,12517368,0.0001411638612845
DAL192,5p,24,G>A,975,1075,2050,6349759,6167564,12517323,0.0001637730367747
DAL192,5p,25,G>A,878,859,1737,6349777,6167551,12517328,0.0001387676347539
DAL193,3p,1,G>A,75,30,105,6484405,6362696,12847101,8.173050091222915e-06
DAL193,3p,2,G>A,123,116,239,6484402,6362696,12847098,1.860342312326099e-05
DAL193,3p,3,G>A,404,293,697,6484405,6362696,12847101,5.425348489126068e-05
DAL193,3p,4,G>A,493,470,963,6484405,6362696,12847101,7.495854512235873e-05
DAL193,3p,5,G>A,3048,3377,6425,6484405,6362696,12847101,0.0005001128270105
DAL193,3p,6,G>A,3067,3614,6681,6484405,6362696,12847101,0.0005200395015186
DAL193,3p,7,G>A,3123,3328,6451,6484405,6362696,12847101,0.0005021366298902
DAL193,3p,8,G>A,3414,3241,6655,6484400,6362644,12847044,0.0005180179969804
DAL193,3p,9,G>A,4008,4632,8640,6484400,6362631,12847031,0.0006725289290576
DAL193,3p,10,G>A,4139,4160,8299,6484393,6362640,12847033,0.000645985730713
DAL193,3p,11,G>A,3520,4512,8032,6484398,6362639,12847037,0.0006252025272442
DAL193,3p,12,G>A,5166,4921,10087,6484368,6362594,12846962,0.0007851661739172
DAL193,3p,13,G>A,4027,4408,8435,6484385,6362543,12846928,0.0006565771988447
DAL193,3p,14,G>A,4010,4208,8218,6484363,6362486,12846849,0.0006396899348626
DAL193,3p,15,G>A,4332,5345,9677,6484332,6362438,12846770,0.0007532632716239
DAL193,3p,16,G>A,3805,4002,7807,6484341,6362460,12846801,0.0006076999246738
DAL193,3p,17,G>A,3799,4510,8309,6484294,6362445,12846739,0.0006467789218727
DAL193,3p,18,G>A,4138,5138,9276,6484244,6362380,12846624,0.000722057405899
DAL193,3p,19,G>A,3938,4049,7987,6484265,6362400,12846665,0.0006217177765591
DAL193,3p,20,G>A,3721,4114,7835,6484261,6362382,12846643,0.0006098869564601
DAL193,3p,21,G>A,4409,4643,9052,6484248,6362443,12846691,0.0007046172434598
DAL193,3p,22,G>A,3703,3870,7573,6484224,6362407,12846631,0.0005894930740985
DAL193,3p,23,G>A,4217,4441,8658,6484218,6362399,12846617,0.0006739517493204
DAL193,3p,24,G>A,4328,4783,9111,6484164,6362319,12846483,0.0007092213487535
DAL193,3p,25,G>A,3843,3960,7803,6484128,6362355,12846483,0.0006074035983233
DAL193,5p,1,G>A,30,262,292,6484405,6362696,12847101,2.272886311082944e-05
DAL193,5p,2,G>A,337,146,483,6484386,6362681,12847067,3.7596129918214015e-05
DAL193,5p,3,G>A,332,226,558,6484400,6362696,12847096,4.343394024610698e-05
DAL193,5p,4,G>A,946,780,1726,6484403,6362696,12847099,0.0001343493967003
DAL193,5p,5,G>A,3499,3859,7358,6484403,6362696,12847099,0.0005727363041259
DAL193,5p,6,G>A,3929,4902,8831,6484404,6362696,12847100,0.0006873924854636
DAL193,5p,7,G>A,2232,2332,4564,6484404,6362696,12847100,0.0003552552716177
DAL193,5p,8,G>A,3448,3689,7137,6484314,6362693,12847007,0.0005555379552607
DAL193,5p,9,G>A,3677,3955,7632,6484295,6362695,12846990,0.000594069116579
DAL193,5p,10,G>A,5808,6085,11893,6484284,6362694,12846978,0.0009257430035297
DAL193,5p,11,G>A,3282,3423,6705,6484315,6362677,12846992,0.0005219120553667
DAL193,5p,12,G>A,3897,3526,7423,6484218,6362670,12846888,0.0005778053019532
DAL193,5p,13,G>A,4304,4519,8823,6484143,6362652,12846795,0.0006867860816647
DAL193,5p,14,G>A,3860,3971,7831,6484145,6362627,12846772,0.0006095694700583
DAL193,5p,15,G>A,4174,4227,8401,6484166,6362534,12846700,0.0006539422575447
DAL193,5p,16,G>A,3908,4427,8335,6484111,6362519,12846630,0.0006488082866868
DAL193,5p,17,G>A,4079,4290,8369,6484043,6362598,12846641,0.0006514543373633
DAL193,5p,18,G>A,4647,4926,9573,6483967,6362571,12846538,0.0007451813087697
DAL193,5p,19,G>A,4669,4306,8975,6483980,6362593,12846573,0.0006986298991956
DAL193,5p,20,G>A,4008,4590,8598,6483952,6362554,12846506,0.0006692870419396
DAL193,5p,21,G>A,5573,4513,10086,6484003,6362532,12846535,0.0007851144296886
DAL193,5p,22,G>A,5626,4194,9820,6484010,6362499,12846509,0.0007644100043054
DAL193,5p,23,G>A,3586,4533,8119,6483966,6362463,12846429,0.0006320044270668
DAL193,5p,24,G>A,5108,4638,9746,6483905,6362426,12846331,0.0007586601964405
DAL193,5p,25,G>A,3863,4301,8164,6483942,6362403,12846345,0.0006355115015204
DAL195,3p,1,G>A,9,5,14,2363278,2267461,4630739,3.0232755506194584e-06
DAL195,3p,2,G>A,55,15,70,2363278,2267460,4630738,1.5116381017453374e-05
DAL195,3p,3,G>A,78,52,130,2363278,2267461,4630739,2.8073272970037823e-05
DAL195,3p,4,G>A,145,77,222,2363278,2267461,4630739,4.794051230267999e-05
DAL195,3p,5,G>A,647,511,1158,2363278,2267461,4630739,0.0002500680776869
DAL195,3p,6,G>A,776,531,1307,2363278,2267461,4630739,0.0002822443674756
DAL195,3p,7,G>A,797,533,1330,2363278,2267461,4630739,0.0002872111773088
DAL195,3p,8,G>A,808,799,1607,2363278,2267413,4630691,0.0003470324407307
DAL195,3p,9,G>A,1271,850,2121,2363276,2267438,4630714,0.0004580287186813
DAL195,3p,10,G>A,752,738,1490,2363274,2267432,4630706,0.0003217651908801
DAL195,3p,11,G>A,832,704,1536,2363274,2267431,4630705,0.0003316989529672
DAL195,3p,12,G>A,890,751,1641,2363273,2267414,4630687,0.0003543750635704
DAL195,3p,13,G>A,637,595,1232,2363269,2267412,4630681,0.0002660515807502
DAL195,3p,14,G>A,872,683,1555,2363250,2267410,4630660,0.0003358052631806
DAL195,3p,15,G>A,859,807,1666,2363254,2267411,4630665,0.0003597755397982
DAL195,3p,16,G>A,648,598,1246,2363259,2267394,4630653,0.0002690765211731
DAL195,3p,17,G>A,805,697,1502,2363234,2267398,4630632,0.000324361771784
DAL195,3p,18,G>A,781,816,1597,2363236,2267374,4630610,0.0003448789684296
DAL195,3p,19,G>A,826,632,1458,2363215,2267369,4630584,0.0003148630928625
DAL195,3p,20,G>A,828,697,1525,2363222,2267380,4630602,0.0003293308299871
DAL195,3p,21,G>A,1221,757,1978,2363235,2267382,4630617,0.0004271568993937
DAL195,3p,22,G>A,851,733,1584,2363231,2267383,4630614,0.0003420712674388
DAL195,3p,23,G>A,773,784,1557,2363219,2267370,4630589,0.0003362423225209
DAL195,3p,24,G>A,1107,807,1914,2363198,2267373,4630571,0.0004133399531072
DAL195,3p,25,G>A,712,746,1458,2363180,2267377,4630557,0.0003148649287763
DAL195,5p,1,G>A,4,6,10,2363278,2267461,4630739,2.159482536156756e-06
DAL195,5p,2,G>A,61,29,90,2363264,2267447,4630711,1.9435460342914944e-05
DAL195,5p,3,G>A,60,39,99,2363278,2267459,4630737,2.1378886341418223e-05
DAL195,5p,4,G>A,132,83,215,2363278,2267461,4630739,4.6428874527370256e-05
DAL195,5p,5,G>A,870,697,1567,2363277,2267461,4630738,0.0003383909864907
DAL195,5p,6,G>A,1071,767,1838,2363277,2267461,4630738,0.0003969129758582
DAL195,5p,7,G>A,463,431,894,2363277,2267461,4630738,0.0001930577804229
DAL195,5p,8,G>A,577,655,1232,2363212,2267460,4630672,0.000266052097838
DAL195,5p,9,G>A,650,639,1289,2363181,2267461,4630642,0.0002783631297776
DAL195,5p,10,G>A,1089,1184,2273,2363146,2267458,4630604,0.0004908646906537
DAL195,5p,11,G>A,800,763,1563,2362948,2267450,4630398,0.0003375519771734
DAL195,5p,12,G>A,798,741,1539,2362864,2267454,4630318,0.0003323745798884
DAL195,5p,13,G>A,823,842,1665,2363073,2267445,4630518,0.0003595710026394
DAL195,5p,14,G>A,859,949,1808,2363094,2267434,4630528,0.0003904522335249
DAL195,5p,15,G>A,782,1091,1873,2363178,2267432,4630610,0.0004044823468182
DAL195,5p,16,G>A,1291,825,2116,2363170,2267429,4630599,0.0004569603198203
DAL195,5p,17,G>A,1032,702,1734,2363159,2267431,4630590,0.0003744663207064
DAL195,5p,18,G>A,881,727,1608,2363182,2267420,4630602,0.0003472550653241
DAL195,5p,19,G>A,895,896,1791,2363138,2267420,4630558,0.0003867784400929
DAL195,5p,20,G>A,805,674,1479,2363110,2267401,4630511,0.0003194031932976
DAL195,5p,21,G>A,792,797,1589,2363086,2267400,4630486,0.0003431605235389
DAL195,5p,22,G>A,882,756,1638,2363094,2267388,4630482,0.0003537428716924
DAL195,5p,23,G>A,809,973,1782,2363068,2267398,4630466,0.0003848424758976
DAL195,5p,24,G>A,934,901,1835,2363067,2267402,4630469,0.000396288151373
DAL195,5p,25,G>A,1078,932,2010,2363135,2267374,4630509,0.0004340775495739
DAL212,3p,1,G>A,25,24,49,4131322,4008153,8139475,6.0200442903258505e-06
DAL212,3p,2,G>A,43,29,72,4131322,4008153,8139475,8.845779365376759e-06
DAL212,3p,3,G>A,121,56,177,4131322,4008153,8139475,2.1745874273217867e-05
DAL212,3p,4,G>A,277,117,394,4131322,4008153,8139475,4.840607041608949e-05
DAL212,3p,5,G>A,1131,1208,2339,4131322,4008151,8139473,0.0002873650419382
DAL212,3p,6,G>A,1218,1202,2420,4131322,4008151,8139473,0.0002973165461695
DAL212,3p,7,G>A,1117,1215,2332,4131322,4008153,8139475,0.0002865049650008
DAL212,3p,8,G>A,1186,1217,2403,4131319,4008093,8139412,0.0002952301714177
DAL212,3p,9,G>A,1450,1516,2966,4131316,4008115,8139431,0.0003643989364858
DAL212,3p,10,G>A,1239,1409,2648,4131317,4008102,8139419,0.0003253303460603
DAL212,3p,11,G>A,1268,1370,2638,4131313,4008105,8139418,0.0003241017969589
DAL212,3p,12,G>A,1404,1536,2940,4131314,4008034,8139348,0.0003612082933424
DAL212,3p,13,G>A,1328,1555,2883,4131307,4007923,8139230,0.000354210410567
DAL212,3p,14,G>A,1609,1546,3155,4131271,4007904,8139175,0.0003876314245608
DAL212,3p,15,G>A,1562,1760,3322,4131254,4007935,8139189,0.0004081487725619
DAL212,3p,16,G>A,1243,1420,2663,4131236,4007982,8139218,0.0003271813090643
DAL212,3p,17,G>A,1162,1475,2637,4131249,4007981,8139230,0.0003239864213199
DAL212,3p,18,G>A,1437,1583,3020,4131222,4007954,8139176,0.0003710449313296
DAL212,3p,19,G>A,1523,1566,3089,4131233,4007956,8139189,0.0003795218417952
DAL212,3p,20,G>A,1443,1583,3026,4131221,4007928,8139149,0.0003717833400027
DAL212,3p,21,G>A,1424,1875,3299,4131228,4007917,8139145,0.0004053251293594
DAL212,3p,22,G>A,1545,1524,3069,4131183,4007898,8139081,0.0003770695979066
DAL212,3p,23,G>A,1418,1464,2882,4131172,4007904,8139076,0.0003540942485363
DAL212,3p,24,G>A,1542,1670,3212,4131124,4007904,8139028,0.0003946417188882
DAL212,3p,25,G>A,1389,1446,2835,4131071,4007924,8138995,0.0003483231037738
DAL212,5p,1,G>A,6,7,13,4131322,4008153,8139475,1.5971546076374706e-06
DAL212,5p,2,G>A,121,54,175,4131307,4008143,8139450,2.150022421662397e-05
DAL212,5p,3,G>A,93,57,150,4131321,4008153,8139474,1.8428709275316807e-05
DAL212,5p,4,G>A,341,169,510,4131322,4008153,8139475,6.265760383808538e-05
DAL212,5p,5,G>A,1474,1177,2651,4131322,4008153,8139475,0.0003256966819113
DAL212,5p,6,G>A,1792,1345,3137,4131322,4008153,8139475,0.0003854056926275
DAL212,5p,7,G>A,810,907,1717,4131322,4008153,8139475,0.0002109472662548
DAL212,5p,8,G>A,1327,1347,2674,4131248,4008153,8139401,0.0003285254037735
DAL212,5p,9,G>A,1377,1290,2667,4131243,4008153,8139396,0.0003276655909111
DAL212,5p,10,G>A,2123,2170,4293,4131179,4008148,8139327,0.0005274391850825
DAL212,5p,11,G>A,1392,1295,2687,4131234,4008143,8139377,0.0003301235463107
DAL212,5p,12,G>A,1207,1402,2609,4131187,4008141,8139328,0.000320542432987
DAL212,5p,13,G>A,1339,1440,2779,4131181,4008142,8139323,0.0003414288878817
DAL212,5p,14,G>A,1542,1388,2930,4131134,4008108,8139242,0.000359984381838
DAL212,5p,15,G>A,1698,1485,3183,4131156,4008091,8139247,0.0003910681172349
DAL212,5p,16,G>A,1349,1485,2834,4131154,4008081,8139235,0.0003481899711705
DAL212,5p,17,G>A,1459,1544,3003,4131159,4008081,8139240,0.0003689533666533
DAL212,5p,18,G>A,1438,1531,2969,4131113,4008066,8139179,0.0003647788063144
DAL212,5p,19,G>A,1526,1671,3197,4131040,4008052,8139092,0.0003927956582871
DAL212,5p,20,G>A,1459,1480,2939,4131020,4008040,8139060,0.0003610982103584
DAL212,5p,21,G>A,1516,1684,3200,4130973,4008040,8139013,0.0003931680659559
DAL212,5p,22,G>A,1466,1792,3258,4131015,4007967,8138982,0.0004002957618041
DAL212,5p,23,G>A,1579,1378,2957,4131005,4007962,8138967,0.0003633139193217
DAL212,5p,24,G>A,1675,1657,3332,4131060,4007918,8138978,0.0004093880091579
DAL212,5p,25,G>A,1579,1538,3117,4131016,4007614,8138630,0.0003829882916412
DAL218,3p,1,G>A,46,50,96,6952891,6658031,13610922,7.053159220220349e-06
DAL218,3p,2,G>A,144,53,197,6952891,6658031,13610922,1.4473670483160508e-05
DAL218,3p,3,G>A,197,351,548,6952891,6658030,13610921,4.026178684014109e-05
DAL218,3p,4,G>A,376,493,869,6952891,6658031,13610922,6.384578502470295e-05
DAL218,3p,5,G>A,2573,3303,5876,6952891,6658031,13610922,0.0004317121206043
DAL218,3p,6,G>A,2675,3282,5957,6952891,6658030,13610921,0.0004376632558516
DAL218,3p,7,G>A,2738,3296,6034,6952891,6658026,13610917,0.0004433206080089
DAL218,3p,8,G>A,3052,3583,6635,6952887,6657945,13610832,0.000487479384067
DAL218,3p,9,G>A,3523,4519,8042,6952882,6657945,13610827,0.0005908531494816
DAL218,3p,10,G>A,3372,4149,7521,6952881,6657960,13610841,0.0005525742310853
DAL218,3p,11,G>A,3075,3751,6826,6952866,6657905,13610771,0.0005015145725396
DAL218,3p,12,G>A,3699,4675,8374,6952858,6657882,13610740,0.0006152494280252
DAL218,3p,13,G>A,3622,3786,7408,6952870,6657811,13610681,0.0005442784236879
DAL218,3p,14,G>A,3217,3989,7206,6952816,6657779,13610595,0.000529440483682
DAL218,3p,15,G>A,3520,4868,8388,6952788,6657738,13610526,0.0006162877173152
DAL218,3p,16,G>A,3499,3860,7359,6952760,6657689,13610449,0.0005406875261793
DAL218,3p,17,G>A,3795,3957,7752,6952737,6657651,13610388,0.0005695649528874
DAL218,3p,18,G>A,3818,4285,8103,6952711,6657672,13610383,0.0005953542967894
DAL218,3p,19,G>A,3516,3880,7396,6952716,6657697,13610413,0.0005434074630946
DAL218,3p,20,G>A,3710,3966,7676,6952697,6657752,13610449,0.0005639784550825
DAL218,3p,21,G>A,3805,4703,8508,6952660,6657692,13610352,0.0006251124144327
DAL218,3p,22,G>A,3320,4101,7421,6952654,6657637,13610291,0.0005452491794628
DAL218,3p,23,G>A,3115,3998,7113,6952651,6657632,13610283,0.0005226195517021
DAL218,3p,24,G>A,4150,4005,8155,6952669,6657588,13610257,0.0005991804563279
DAL218,3p,25,G>A,4147,3595,7742,6952605,6657566,13610171,0.0005688392893814
DAL218,5p,1,G>A,9,27,36,6952891,6658031,13610922,2.6449347075826317e-06
DAL218,5p,2,G>A,196,68,264,6952874,6658014,13610888,1.939623630728576e-05
DAL218,5p,3,G>A,167,195,362,6952891,6658031,13610922,2.6596287892914234e-05
DAL218,5p,4,G>A,458,419,877,6952891,6658031,13610922,6.443354829305465e-05
DAL218,5p,5,G>A,3416,3066,6482,6952891,6658031,13610922,0.0004762351881819
DAL218,5p,6,G>A,4237,3879,8116,6952891,6658031,13610922,0.0005962858357427
DAL218,5p,7,G>A,2754,2216,4970,6952888,6658031,13610919,0.0003651480109462
DAL218,5p,8,G>A,3198,3198,6396,6952719,6658029,13610748,0.0004699227404695
DAL218,5p,9,G>A,3836,3593,7429,6952736,6658029,13610765,0.0005458179610036
DAL218,5p,10,G>A,5555,5506,11061,6952716,6658028,13610744,0.0008126668167441
DAL218,5p,11,G>A,3910,4438,8348,6952715,6658016,13610731,0.000613339577426
DAL218,5p,12,G>A,3566,3679,7245,6952625,6658005,13610630,0.0005323045296213
DAL218,5p,13,G>A,4599,4006,8605,6952475,6658005,13610480,0.0006322333966179
DAL218,5p,14,G>A,3474,3554,7028,6952554,6657955,13610509,0.0005163656994753
DAL218,5p,15,G>A,3299,3841,7140,6952449,6657923,13610372,0.0005245999154174
DAL218,5p,16,G>A,4298,4076,8374,6952253,6657920,13610173,0.0006152750593251
DAL218,5p,17,G>A,3217,3969,7186,6952350,6657874,13610224,0.000527985432128
DAL218,5p,18,G>A,5191,4515,9706,6952457,6657843,13610300,0.0007131363746574
DAL218,5p,19,G>A,3737,4646,8383,6952296,6657770,13610066,0.0006159411717768
DAL218,5p,20,G>A,3425,4473,7898,6952289,6657772,13610061,0.0005803059956895
DAL218,5p,21,G>A,4204,4253,8457,6952371,6657729,13610100,0.0006213767716622
DAL218,5p,22,G>A,3352,4305,7657,6952322,6657786,13610108,0.0005625965642594
DAL218,5p,23,G>A,3963,4122,8085,6952288,6657745,13610033,0.0005940470533759
DAL218,5p,24,G>A,3768,5498,9266,6952375,6657772,13610147,0.0006808155709119
DAL218,5p,25,G>A,3807,4179,7986,6952272,6657720,13609992,0.0005867747754737
DAL224,3p,1,G>A,31,20,51,4609472,4586477,9195949,5.545920274242496e-06
DAL224,3p,2,G>A,124,54,178,4609471,4586476,9195947,1.9356353402210777e-05
DAL224,3p,3,G>A,94,106,200,4609472,4586477,9195949,2.1748706957813707e-05
DAL224,3p,4,G>A,110,194,304,4609472,4586477,9195949,3.305803457587684e-05
DAL224,3p,5,G>A,619,808,1427,4609472,4586477,9195949,0.000155177024144
DAL224,3p,6,G>A,823,892,1715,4609472,4586477,9195949,0.0001864951621632
DAL224,3p,7,G>A,823,938,1761,4609472,4586476,9195948,0.0001914973855876
DAL224,3p,8,G>A,963,1026,1989,4609469,4586423,9195892,0.0002162922313572
DAL224,3p,9,G>A,995,1300,2295,4609466,4586431,9195897,0.000249567823563
DAL224,3p,10,G>A,1399,1378,2777,4609461,4586371,9195832,0.0003019846382578
DAL224,3p,11,G>A,1257,1286,2543,4609461,4586382,9195843,0.0002765379965708
DAL224,3p,12,G>A,1172,1420,2592,4609458,4586384,9195842,0.0002818665218475
DAL224,3p,13,G>A,1002,1363,2365,4609454,4586364,9195818,0.0002571821234391
DAL224,3p,14,G>A,1061,1756,2817,4609412,4586293,9195705,0.000306338665714
DAL224,3p,15,G>A,1105,2230,3335,4609400,4586272,9195672,0.0003626706128709
DAL224,3p,16,G>A,1099,1381,2480,4609379,4586240,9195619,0.0002696936443321
DAL224,3p,17,G>A,1118,1882,3000,4609381,4586216,9195597,0.0003262430922103
DAL224,3p,18,G>A,1219,2157,3376,4609363,4586282,9195645,0.0003671303100543
DAL224,3p,19,G>A,1301,1390,2691,4609353,4586195,9195548,0.0002926416130936
DAL224,3p,20,G>A,1087,1404,2491,4609344,4586225,9195569,0.0002708913390786
DAL224,3p,21,G>A,1206,2266,3472,4609343,4586223,9195566,0.0003775732782517
DAL224,3p,22,G>A,1318,1433,2751,4609324,4586172,9195496,0.000299168201476
DAL224,3p,23,G>A,1001,1350,2351,4609323,4586083,9195406,0.0002556711470923
DAL224,3p,24,G>A,1173,1556,2729,4609325,4586202,9195527,0.0002967747253637
DAL224,3p,25,G>A,1018,2928,3946,4609265,4586173,9195438,0.0004291258339189
DAL224,5p,1,G>A,5,7,12,4609472,4586477,9195949,1.3049224174688225e-06
DAL224,5p,2,G>A,177,35,212,4609461,4586469,9195930,2.3053677007110756e-05
DAL224,5p,3,G>A,116,85,201,4609468,4586477,9195945,2.1857460000032624e-05
DAL224,5p,4,G>A,378,133,511,4609471,4586477,9195948,5.556795231986957e-05
DAL224,5p,5,G>A,2192,900,3092,4609471,4586477,9195948,0.0003362350461311
DAL224,5p,6,G>A,1026,1082,2108,4609472,4586477,9195949,0.0002292313713353
DAL224,5p,7,G>A,516,569,1085,4609471,4586477,9195948,0.0001179867480764
DAL224,5p,8,G>A,669,877,1546,4609397,4586477,9195874,0.0001681188759219
DAL224,5p,9,G>A,740,916,1656,4609357,4586473,9195830,0.0001800816239534
DAL224,5p,10,G>A,1605,1633,3238,4609338,4586470,9195808,0.0003521169645995
DAL224,5p,11,G>A,1077,1413,2490,4609388,4586469,9195857,0.0002707741105587
DAL224,5p,12,G>A,1167,1043,2210,4609357,4586464,9195821,0.0002403265570306
DAL224,5p,13,G>A,2528,1328,3856,4609320,4586461,9195781,0.0004193227307174
DAL224,5p,14,G>A,954,1400,2354,4609270,4586428,9195698,0.0002559892680251
DAL224,5p,15,G>A,1222,1082,2304,4609299,4586416,9195715,0.0002505514796837
DAL224,5p,16,G>A,1307,1051,2358,4609292,4586373,9195665,0.0002564251742533
DAL224,5p,17,G>A,1734,1066,2800,4609285,4586385,9195670,0.0003044911355018
DAL224,5p,18,G>A,1857,1411,3268,4609226,4586351,9195577,0.0003553882480675
DAL224,5p,19,G>A,1502,1499,3001,4609203,4586337,9195540,0.0003263538628509
DAL224,5p,20,G>A,1587,1657,3244,4609148,4586313,9195461,0.0003527827479231
DAL224,5p,21,G>A,1398,1799,3197,4609195,4586347,9195542,0.0003476684680467
DAL224,5p,22,G>A,1192,2050,3242,4609138,4586312,9195450,0.0003525656710655
DAL224,5p,23,G>A,2163,1881,4044,4609100,4586313,9195413,0.0004397844882008
DAL224,5p,24,G>A,1440,1954,3394,4609109,4586316,9195425,0.0003690965887927
DAL224,5p,25,G>A,1808,2743,4551,4609125,4586257,9195382,0.000494922342541
DAL227,3p,1,G>A,12,18,30,3765386,3771243,7536629,3.980559478249493e-06
DAL227,3p,2,G>A,35,26,61,3765386,3771243,7536629,8.093804272440636e-06
DAL227,3p,3,G>A,54,47,101,3765386,3771243,7536629,1.3401216910106627e-05
DAL227,3p,4,G>A,161,131,292,3765386,3771243,7536629,3.8744112254961735e-05
DAL227,3p,5,G>A,371,501,872,3765386,3771243,7536629,0.0001157015955011
DAL227,3p,6,G>A,502,503,1005,3765386,3771243,7536629,0.0001333487425213
DAL227,3p,7,G>A,471,781,1252,3765386,3771243,7536629,0.0001661220155589
DAL227,3p,8,G>A,457,705,1162,3765386,3771207,7536593,0.0001541810735965
DAL227,3p,9,G>A,772,907,1679,3765384,3771218,7536602,0.0002227794435741
DAL227,3p,10,G>A,572,794,1366,3765382,3771209,7536591,0.0001812490554416
DAL227,3p,11,G>A,662,804,1466,3765378,3771214,7536592,0.0001945176281268
DAL227,3p,12,G>A,616,980,1596,3765377,3771173,7536550,0.0002117679840245
DAL227,3p,13,G>A,650,753,1403,3765373,3771183,7536556,0.0001861593014103
DAL227,3p,14,G>A,592,944,1536,3765341,3771166,7536507,0.0002038079444495
DAL227,3p,15,G>A,577,844,1421,3765341,3771186,7536527,0.0001885483857485
DAL227,3p,16,G>A,576,784,1360,3765340,3771079,7536419,0.000180457057921
DAL227,3p,17,G>A,616,774,1390,3765328,3771049,7536377,0.0001844387561821
DAL227,3p,18,G>A,615,832,1447,3765321,3771036,7536357,0.0001920025816186
DAL227,3p,19,G>A,793,1116,1909,3765313,3771111,7536424,0.0002533031581025
DAL227,3p,20,G>A,654,1113,1767,3765308,3771082,7536390,0.000234462388491
DAL227,3p,21,G>A,700,1089,1789,3765307,3771104,7536411,0.0002373808965567
DAL227,3p,22,G>A,728,816,1544,3765309,3771137,7536446,0.0002048711023737
DAL227,3p,23,G>A,647,1122,1769,3765319,3771112,7536431,0.0002347264905629
DAL227,3p,24,G>A,822,1352,2174,3765312,3771081,7536393,0.0002884669098333
DAL227,3p,25,G>A,672,965,1637,3765249,3771100,7536349,0.0002172139321042
DAL227,5p,1,G>A,51,28,79,3765386,3771243,7536629,1.0482139959390332e-05
DAL227,5p,2,G>A,188,104,292,3765373,3771238,7536611,3.8744204789128696e-05
DAL227,5p,3,G>A,64,93,157,3765386,3771243,7536629,2.0831594602839016e-05
DAL227,5p,4,G>A,140,164,304,3765385,3771243,7536628,4.033634139830173e-05
DAL227,5p,5,G>A,613,849,1462,3765386,3771242,7536628,0.0001939859576457
DAL227,5p,6,G>A,802,784,1586,3765386,3771243,7536629,0.0002104389110834
DAL227,5p,7,G>A,282,589,871,3765386,3771243,7536629,0.0001155689101851
DAL227,5p,8,G>A,450,991,1441,3765342,3771242,7536584,0.0001912006819004
DAL227,5p,9,G>A,605,1031,1636,3765324,3771243,7536567,0.0002170749626454
DAL227,5p,10,G>A,1164,1208,2372,3765318,3771238,7536556,0.0003147326179225
DAL227,5p,11,G>A,659,1130,1789,3765365,3771237,7536602,0.0002373748806159
DAL227,5p,12,G>A,784,827,1611,3765326,3771232,7536558,0.0002137580577234
DAL227,5p,13,G>A,816,1187,2003,3765325,3771231,7536556,0.000265771262099
DAL227,5p,14,G>A,548,797,1345,3765297,3771226,7536523,0.0001784642599777
DAL227,5p,15,G>A,920,933,1853,3765318,3771201,7536519,0.0002458694789995
DAL227,5p,16,G>A,707,1147,1854,3765316,3771188,7536504,0.0002460026558733
DAL227,5p,17,G>A,844,818,1662,3765326,3771175,7536501,0.0002205267404595
DAL227,5p,18,G>A,918,1499,2417,3765280,3771169,7536449,0.0003207080682162
DAL227,5p,19,G>A,941,948,1889,3765279,3771164,7536443,0.0002506487476917
DAL227,5p,20,G>A,742,931,1673,3765254,3771167,7536421,0.0002219886601345
DAL227,5p,21,G>A,795,849,1644,3765270,3771169,7536439,0.0002181401587672
DAL227,5p,22,G>A,905,969,1874,3765253,3771158,7536411,0.0002486594746491
DAL227,5p,23,G>A,690,1189,1879,3765254,3771157,7536411,0.0002493229204192
DAL227,5p,24,G>A,886,1668,2554,3765270,3771180,7536450,0.0003388863456932
DAL227,5p,25,G>A,785,1222,2007,3765247,3771148,7536395,0.0002663076975132
WA02,3p,1,G>A,109,59,168,6552698,6754258,13306956,1.262497599000102e-05
WA02,3p,2,G>A,130,128,258,6552698,6754258,13306956,1.9388355984644423e-05
WA02,3p,3,G>A,247,238,485,6552698,6754258,13306956,3.6447103304467226e-05
WA02,3p,4,G>A,343,367,710,6552698,6754256,13306954,5.335556131027431e-05
WA02,3p,5,G>A,1433,2014,3447,6552698,6754256,13306954,0.0002590374927274
WA02,3p,6,G>A,1445,1969,3414,6552698,6754257,13306955,0.0002565575670767
WA02,3p,7,G>A,1439,1882,3321,6552698,6754257,13306955,0.000249568740557
WA02,3p,8,G>A,1689,2399,4088,6552692,6754207,13306899,0.000307209065012
WA02,3p,9,G>A,1854,2654,4508,6552688,6754191,13306879,0.0003387721493522
WA02,3p,10,G>A,1948,2475,4423,6552680,6754207,13306887,0.0003323842759016
WA02,3p,11,G>A,1859,2668,4527,6552667,6754202,13306869,0.0003402002379372
WA02,3p,12,G>A,1990,2506,4496,6552670,6754189,13306859,0.0003378708679486
WA02,3p,13,G>A,1928,2534,4462,6552675,6754177,13306852,0.0003353159710501
WA02,3p,14,G>A,1818,2711,4529,6552653,6754155,13306808,0.0003403520964606
WA02,3p,15,G>A,2007,2748,4755,6552632,6754146,13306778,0.0003573366896178
WA02,3p,16,G>A,1914,2668,4582,6552629,6754119,13306748,0.0003443365726922
WA02,3p,17,G>A,1855,2563,4418,6552608,6754116,13306724,0.0003320125975409
WA02,3p,18,G>A,2116,2617,4733,6552611,6754085,13306696,0.000355685588669
WA02,3p,19,G>A,2009,2891,4900,6552605,6754056,13306661,0.00036823662976
WA02,3p,20,G>A,1985,2888,4873,6552618,6754033,13306651,0.0003662078459861
WA02,3p,21,G>A,1966,2876,4842,6552597,6754089,13306686,0.0003638772268316
WA02,3p,22,G>A,2012,2638,4650,6552593,6754062,13306655,0.0003494492041764
WA02,3p,23,G>A,2073,2317,4390,6552585,6754052,13306637,0.0003299105551613
WA02,3p,24,G>A,2217,2702,4919,6552556,6754026,13306582,0.0003696666807449
WA02,3p,25,G>A,2159,2595,4754,6552517,6754038,13306555,0.0003572675271698
WA02,5p,1,G>A,61,94,155,6552698,6754258,13306956,1.1648043324108082e-05
WA02,5p,2,G>A,343,107,450,6552562,6754179,13306741,3.381744636045746e-05
WA02,5p,3,G>A,321,235,556,6552698,6754258,13306956,4.17826586335748e-05
WA02,5p,4,G>A,517,413,930,6552698,6754258,13306956,6.98882599446485e-05
WA02,5p,5,G>A,1971,2380,4351,6552698,6754258,13306956,0.0003269718484077
WA02,5p,6,G>A,2319,2666,4985,6552697,6754258,13306955,0.0003746161311885
WA02,5p,7,G>A,1401,1962,3363,6552685,6754258,13306943,0.0002527252126953
WA02,5p,8,G>A,1718,2201,3919,6552655,6754257,13306912,0.0002945085982382
WA02,5p,9,G>A,1861,2443,4304,6552662,6754226,13306888,0.0003234415138986
WA02,5p,10,G>A,2894,4090,6984,6552618,6754222,13306840,0.0005248428627683
WA02,5p,11,G>A,2252,2898,5150,6552625,6754225,13306850,0.0003870187159245
WA02,5p,12,G>A,2012,2470,4482,6552628,6754236,13306864,0.0003368186523887
WA02,5p,13,G>A,2232,2710,4942,6552614,6754205,13306819,0.0003713885339539
WA02,5p,14,G>A,2076,2645,4721,6552607,6754183,13306790,0.0003547812808348
WA02,5p,15,G>A,2320,2521,4841,6552586,6754168,13306754,0.0003638002175436
WA02,5p,16,G>A,2106,2596,4702,6552525,6754178,13306703,0.0003533557486027
WA02,5p,17,G>A,2065,2796,4861,6552567,6754148,13306715,0.0003653042843406
WA02,5p,18,G>A,2594,2701,5295,6552548,6754087,13306635,0.0003979217886415
WA02,5p,19,G>A,2476,2709,5185,6552516,6754124,13306640,0.0003896550894891
WA02,5p,20,G>A,2238,2939,5177,6552507,6754132,13306639,0.0003890539151171
WA02,5p,21,G>A,2453,2816,5269,6552521,6754152,13306673,0.0003959667454066
WA02,5p,22,G>A,2366,2911,5277,6552516,6754117,13306633,0.0003965691396163
WA02,5p,23,G>A,2391,2708,5099,6552465,6754131,13306596,0.0003831934177606
WA02,5p,24,G>A,2417,2920,5337,6552457,6754135,13306592,0.0004010794048543
WA02,5p,25,G>A,2399,3042,5441,6552470,6754083,13306553,0.0004088962783975
WA03,3p,1,G>A,154,96,250,5399458,5543742,10943200,2.2845237224943345e-05
WA03,3p,2,G>A,269,219,488,5399458,5543742,10943200,4.459390306308941e-05
WA03,3p,3,G>A,472,423,895,5399458,5543742,10943200,8.178594926529718e-05
WA03,3p,4,G>A,803,703,1506,5399458,5543736,10943194,0.000137619784498
WA03,3p,5,G>A,3928,4277,8205,5399458,5543740,10943198,0.000749780822754
WA03,3p,6,G>A,3848,5052,8900,5399458,5543741,10943199,0.0008132905195272
WA03,3p,7,G>A,4117,5002,9119,5399458,5543739,10943197,0.0008333031014611
WA03,3p,8,G>A,4614,5265,9879,5399449,5543673,10943122,0.0009027588287876
WA03,3p,9,G>A,5025,6319,11344,5399436,5543670,10943106,0.0010366343888106
WA03,3p,10,G>A,5401,6167,11568,5399438,5543654,10943092,0.0010571052495949
WA03,3p,11,G>A,4978,5645,10623,5399404,5543644,10943048,0.0009707533038327
WA03,3p,12,G>A,5401,6387,11788,5399397,5543595,10942992,0.0010772191005896
WA03,3p,13,G>A,5225,6212,11437,5399378,5543551,10942929,0.001045149794904
WA03,3p,14,G>A,4889,5477,10366,5399356,5543493,10942849,0.0009472853001992
WA03,3p,15,G>A,5491,6680,12171,5399349,5543505,10942854,0.0011122326954193
WA03,3p,16,G>A,5189,6001,11190,5399342,5543495,10942837,0.001022586738704
WA03,3p,17,G>A,5069,5853,10922,5399346,5543438,10942784,0.0009981006661558
WA03,3p,18,G>A,5422,7090,12512,5399325,5543443,10942768,0.0011434035702849
WA03,3p,19,G>A,5371,6390,11761,5399297,5543425,10942722,0.0010747782864263
WA03,3p,20,G>A,5443,5980,11423,5399252,5543409,10942661,0.0010438959956814
WA03,3p,21,G>A,5660,6731,12391,5399248,5543303,10942551,0.00113236849433
WA03,3p,22,G>A,5505,6577,12082,5399256,5543263,10942519,0.001104133335295
WA03,3p,23,G>A,5244,5600,10844,5399255,5543267,10942522,0.0009909964083234
WA03,3p,24,G>A,5694,7162,12856,5399198,5543130,10942328,0.0011748870989793
WA03,3p,25,G>A,5616,6312,11928,5399050,5543142,10942192,0.0010900923690609
WA03,5p,1,G>A,88,193,281,5399457,5543742,10943199,2.56780489873208e-05
WA03,5p,2,G>A,542,385,927,5399258,5543638,10942896,8.471249292691807e-05
WA03,5p,3,G>A,791,538,1329,5399457,5543742,10943199,0.0001214452921855
WA03,5p,4,G>A,1015,1056,2071,5399458,5543742,10943200,0.0001892499451714
WA03,5p,5,G>A,5300,5712,11012,5399456,5543740,10943196,0.0010062873771062
WA03,5p,6,G>A,5960,6081,12041,5399452,5543742,10943194,0.0011003186089911
WA03,5p,7,G>A,3472,4025,7497,5399453,5543742,10943195,0.0006850832869194
WA03,5p,8,G>A,3739,4342,8081,5399403,5543732,10943135,0.0007384538342988
WA03,5p,9,G>A,5663,5287,10950,5399319,5543732,10943051,0.0010006350148601
WA03,5p,10,G>A,7528,7803,15331,5399344,5543717,10943061,0.0014009791227518
WA03,5p,11,G>A,5454,5900,11354,5399321,5543705,10943026,0.0010375557912409
WA03,5p,12,G>A,5357,5641,10998,5399213,5543665,10942878,0.0010050372488846
WA03,5p,13,G>A,6095,6213,12308,5399156,5543662,10942818,0.0011247559815031
WA03,5p,14,G>A,5597,6260,11857,5399124,5543629,10942753,0.0010835481711046
WA03,5p,15,G>A,7007,6313,13320,5399092,5543505,10942597,0.0012172613137448
WA03,5p,16,G>A,5870,6173,12043,5399083,5543501,10942584,0.0011005627190067
WA03,5p,17,G>A,6204,6409,12613,5399113,5543491,10942604,0.0011526506853396
WA03,5p,18,G>A,6582,6221,12803,5399074,5543600,10942674,0.001170006526741
WA03,5p,19,G>A,5679,6267,11946,5399071,5543546,10942617,0.0010916949757082
WA03,5p,20,G>A,5711,6587,12298,5399050,5543533,10942583,0.0011238662754488
WA03,5p,21,G>A,6541,7177,13718,5399034,5543509,10942543,0.0012536391220943
WA03,5p,22,G>A,5779,6233,12012,5398989,5543454,10942443,0.0010977438950333
WA03,5p,23,G>A,5453,6216,11669,5398935,5543457,10942392,0.0010664030314395
WA03,5p,24,G>A,6562,6524,13086,5398952,5543428,10942380,0.0011959007089865
WA03,5p,25,G>A,5784,6305,12089,5398991,5543444,10942435,0.001104781522577
WA07,3p,1,G>A,53,36,89,5691729,6013979,11705708,7.603128319961509e-06
WA07,3p,2,G>A,82,39,121,5691729,6013979,11705708,1.0336837378824076e-05
WA07,3p,3,G>A,150,141,291,5691729,6013979,11705708,2.4859666754031453e-05
WA07,3p,4,G>A,214,188,402,5691729,6013979,11705708,3.434222005196098e-05
WA07,3p,5,G>A,980,879,1859,5691729,6013979,11705708,0.0001588114106382
WA07,3p,6,G>A,980,964,1944,5691729,6013979,11705708,0.0001660728253259
WA07,3p,7,G>A,1010,1114,2124,5691729,6013979,11705708,0.000181449938782
WA07,3p,8,G>A,1257,1162,2419,5691713,6013800,11705513,0.0002066547617349
WA07,3p,9,G>A,1434,1345,2779,5691720,6013901,11705621,0.0002374073105561
WA07,3p,10,G>A,1191,1522,2713,5691718,6013892,11705610,0.0002317692115148
WA07,3p,11,G>A,1148,1342,2490,5691711,6013883,11705594,0.0002127188077768
WA07,3p,12,G>A,1261,1462,2723,5691705,6013884,11705589,0.0002326239200778
WA07,3p,13,G>A,1177,1643,2820,5691711,6013848,11705559,0.0002409111773303
WA07,3p,14,G>A,1178,1536,2714,5691695,6013877,11705572,0.0002318553933118
WA07,3p,15,G>A,1271,1359,2630,5691211,6013856,11705067,0.0002246890171581
WA07,3p,16,G>A,1392,1504,2896,5691636,6013850,11705486,0.0002474053618961
WA07,3p,17,G>A,1373,1320,2693,5691662,6013813,11705475,0.0002300632823529
WA07,3p,18,G>A,1500,1799,3299,5691639,6013769,11705408,0.0002818355413156
WA07,3p,19,G>A,1451,1227,2678,5691628,6013742,11705370,0.0002287838829528
WA07,3p,20,G>A,1371,1282,2653,5691604,6013772,11705376,0.0002266479949042
WA07,3p,21,G>A,1386,1457,2843,5691611,6013735,11705346,0.0002428804752973
WA07,3p,22,G>A,1607,1440,3047,5691577,6013736,11705313,0.0002603091433778
WA07,3p,23,G>A,1404,1903,3307,5691568,6013670,11705238,0.0002825230892357
WA07,3p,24,G>A,1573,1519,3092,5691554,6013661,11705215,0.0002641557630509
WA07,3p,25,G>A,1355,1372,2727,5691455,6013662,11705117,0.0002329750313474
WA07,5p,1,G>A,19,76,95,5691729,6013979,11705708,8.11569876849824e-06
WA07,5p,2,G>A,227,56,283,5691636,6013923,11705559,2.417654722854329e-05
WA07,5p,3,G>A,308,116,424,5691729,6013979,11705708,3.622164502992899e-05
WA07,5p,4,G>A,384,309,693,5691728,6013979,11705707,5.920189186351581e-05
WA07,5p,5,G>A,1466,1786,3252,5691729,6013978,11705707,0.00027781320684
WA07,5p,6,G>A,1639,1385,3024,5691728,6013979,11705707,0.0002583355281317
WA07,5p,7,G>A,994,1401,2395,5691728,6013979,11705707,0.0002046010548529
WA07,5p,8,G>A,1007,1436,2443,5691579,6013975,11705554,0.0002087043466716
WA07,5p,9,G>A,1496,1271,2767,5691672,6013971,11705643,0.0002363817177749
WA07,5p,10,G>A,2670,1843,4513,5691582,6013961,11705543,0.0003855438402131
WA07,5p,11,G>A,1532,1583,3115,5691326,6013942,11705268,0.0002661194942311
WA07,5p,12,G>A,1244,1475,2719,5691520,6013938,11705458,0.0002322848025254
WA07,5p,13,G>A,1603,2156,3759,5691511,6013949,11705460,0.0003211321895935
WA07,5p,14,G>A,1400,1497,2897,5691556,6013950,11705506,0.0002474903690622
WA07,5p,15,G>A,1654,1951,3605,5691563,6013633,11705196,0.000307982882132
WA07,5p,16,G>A,1943,1600,3543,5691534,6013925,11705459,0.0003026792883559
WA07,5p,17,G>A,1298,1746,3044,5691561,6013916,11705477,0.0002600492060255
WA07,5p,18,G>A,1346,3149,4495,5691474,6013905,11705379,0.0003840114873683
WA07,5p,19,G>A,1445,1581,3026,5691482,6013884,11705366,0.0002585139157545
WA07,5p,20,G>A,1308,1795,3103,5691421,6013876,11705297,0.000265093658025
WA07,5p,21,G>A,1891,1577,3468,5691379,6013853,11705232,0.0002962777670703
WA07,5p,22,G>A,1495,2768,4263,5691396,6013861,11705257,0.0003641953354804
WA07,5p,23,G>A,1557,1439,2996,5691314,6013795,11705109,0.0002559566083493
WA07,5p,24,G>A,1609,1535,3144,5691332,6013785,11705117,0.0002686004761849
WA07,5p,25,G>A,1603,1703,3306,5691334,6013719,11705053,0.0002824421213641
WA08,3p,1,G>A,112,75,187,6798117,7189085,13987202,1.3369364366082652e-05
WA08,3p,2,G>A,129,139,268,6798117,7189085,13987202,1.916037246048209e-05
WA08,3p,3,G>A,248,254,502,6798117,7189085,13987202,3.588995139985824e-05
WA08,3p,4,G>A,389,323,712,6798117,7189081,13987198,5.090369064626096e-05
WA08,3p,5,G>A,1832,2156,3988,6798117,7189085,13987202,0.0002851177812403
WA08,3p,6,G>A,1711,2152,3863,6798117,7189085,13987202,0.0002761810403538
WA08,3p,7,G>A,1794,2246,4040,6798117,7189084,13987201,0.000288835486099
WA08,3p,8,G>A,2036,3161,5197,6798110,7189053,13987163,0.0003715549750867
WA08,3p,9,G>A,2417,2848,5265,6798103,7189051,13987154,0.0003764168178887
WA08,3p,10,G>A,2498,2912,5410,6798074,7189042,13987116,0.0003867845237002
WA08,3p,11,G>A,2088,3003,5091,6798109,7189046,13987155,0.0003639768058622
WA08,3p,12,G>A,2625,2596,5221,6798091,7189018,13987109,0.0003732722752071
WA08,3p,13,G>A,2313,2684,4997,6798090,7189013,13987103,0.0003572576823091
WA08,3p,14,G>A,2399,2991,5390,6798067,7188981,13987048,0.0003853565098225
WA08,3p,15,G>A,2543,3072,5615,6798069,7188978,13987047,0.0004014428492304
WA08,3p,16,G>A,2481,2694,5175,6798049,7188961,13987010,0.0003699861514362
WA08,3p,17,G>A,2436,2782,5218,6798000,7188943,13986943,0.0003730622195285
WA08,3p,18,G>A,2383,2933,5316,6798023,7188956,13986979,0.0003800677758935
WA08,3p,19,G>A,2349,3134,5483,6798028,7188946,13986974,0.0003920075922068
WA08,3p,20,G>A,2283,3365,5648,6798009,7188917,13986926,0.0004038056682361
WA08,3p,21,G>A,2371,3925,6296,6798010,7188926,13986936,0.0004501343253447
WA08,3p,22,G>A,2445,3277,5722,6798012,7188920,13986932,0.000409096147747
WA08,3p,23,G>A,2433,2795,5228,6798009,7188864,13986873,0.000373779042678
WA08,3p,24,G>A,2628,3133,5761,6798015,7188867,13986882,0.000411885937123
WA08,3p,25,G>A,2571,3164,5735,6797966,7188892,13986858,0.000410027756055
WA08,5p,1,G>A,64,123,187,6798116,7189085,13987201,1.336936532191108e-05
WA08,5p,2,G>A,316,104,420,6797941,7188997,13986938,3.002801613905774e-05
WA08,5p,3,G>A,348,177,525,6798117,7189084,13987201,3.753431440643486e-05
WA08,5p,4,G>A,842,502,1344,6798115,7189085,13987200,9.60878517501716e-05
WA08,5p,5,G>A,2610,2244,4854,6798116,7189084,13987200,0.0003470315717227
WA08,5p,6,G>A,2755,3007,5762,6798112,7189085,13987197,0.0004119481551593
WA08,5p,7,G>A,1540,2107,3647,6798110,7189085,13987195,0.0002607384825906
WA08,5p,8,G>A,2106,2612,4718,6798069,7189064,13987133,0.0003373100119945
WA08,5p,9,G>A,2165,2894,5059,6798054,7189067,13987121,0.0003616898717041
WA08,5p,10,G>A,3535,4543,8078,6798015,7189037,13987052,0.0005775341365714
WA08,5p,11,G>A,2436,3404,5840,6797997,7189047,13987044,0.0004175292506408
WA08,5p,12,G>A,2285,3159,5444,6798016,7189056,13987072,0.0003892165565459
WA08,5p,13,G>A,2536,3123,5659,6797995,7189043,13987038,0.0004045888772161
WA08,5p,14,G>A,2336,3227,5563,6797984,7189041,13987025,0.0003977257493998
WA08,5p,15,G>A,2728,3115,5843,6797997,7189013,13987010,0.0004177447503076
WA08,5p,16,G>A,2647,3122,5769,6797921,7188997,13986918,0.0004124568400272
WA08,5p,17,G>A,2584,2845,5429,6797959,7188875,13986834,0.0003881507423338
WA08,5p,18,G>A,3022,3140,6162,6797991,7188972,13986963,0.0004405531064892
WA08,5p,19,G>A,2896,2989,5885,6797966,7188988,13986954,0.0004207492210241
WA08,5p,20,G>A,2703,3122,5825,6797883,7188971,13986854,0.0004164624868465
WA08,5p,21,G>A,2888,3289,6177,6797885,7188979,13986864,0.0004416286595765
WA08,5p,22,G>A,2785,2927,5712,6797887,7188939,13986826,0.0004083842896165
WA08,5p,23,G>A,2800,3119,5919,6797851,7188919,13986770,0.000423185624701
WA08,5p,24,G>A,2874,3049,5923,6797841,7188876,13986717,0.0004234732139071
WA08,5p,25,G>A,2855,3211,6066,6797835,7188817,13986652,0.0004336992155091
WA09,3p,1,G>A,103,104,207,4741672,4881751,9623423,2.1510017797201683e-05
WA09,3p,2,G>A,233,172,405,4741672,4881751,9623423,4.208481742930764e-05
WA09,3p,3,G>A,355,350,705,4741672,4881751,9623423,7.325875626583181e-05
WA09,3p,4,G>A,590,569,1159,4741672,4881748,9623420,0.0001204353545828
WA09,3p,5,G>A,3552,4132,7684,4741672,4881751,9623423,0.0007984684867328
WA09,3p,6,G>A,3229,4103,7332,4741672,4881751,9623423,0.0007618910651646
WA09,3p,7,G>A,3613,4379,7992,4741672,4881748,9623420,0.0008304739894964
WA09,3p,8,G>A,4034,4445,8479,4741663,4881718,9623381,0.0008810832700066
WA09,3p,9,G>A,4424,5067,9491,4741664,4881723,9623387,0.0009862432010683
WA09,3p,10,G>A,4677,5686,10363,4741658,4881705,9623363,0.001076858474527
WA09,3p,11,G>A,4545,5480,10025,4741648,4881712,9623360,0.0010417359425398
WA09,3p,12,G>A,4549,5917,10466,4741642,4881680,9623322,0.0010875662271302
WA09,3p,13,G>A,4286,5453,9739,4741628,4881645,9623273,0.0010120257421773
WA09,3p,14,G>A,4494,5342,9836,4741616,4881571,9623187,0.0010221146071462
WA09,3p,15,G>A,4474,6090,10564,4741598,4881557,9623155,0.0010977688710199
WA09,3p,16,G>A,4512,5787,10299,4741586,4881546,9623132,0.0010702336827552
WA09,3p,17,G>A,4557,5426,9983,4741582,4881528,9623110,0.001037398512539
WA09,3p,18,G>A,4732,6012,10744,4741560,4881490,9623050,0.0011164859374106
WA09,3p,19,G>A,4919,5711,10630,4741552,4881442,9622994,0.0011046458098176
WA09,3p,20,G>A,4499,5766,10265,4741534,4881501,9623035,0.0010667112818357
WA09,3p,21,G>A,4736,6687,11423,4741546,4881493,9623039,0.0011870470440782
WA09,3p,22,G>A,4912,5804,10716,4741524,4881498,9623022,0.0011135794971683
WA09,3p,23,G>A,4510,6052,10562,4741501,4881486,9622987,0.0010975802004097
WA09,3p,24,G>A,4521,6226,10747,4741491,4881450,9622941,0.0011168103389597
WA09,3p,25,G>A,4389,6465,10854,4741451,4881469,9622920,0.0011279320622014
WA09,5p,1,G>A,53,112,165,4741672,4881751,9623423,1.7145666360088296e-05
WA09,5p,2,G>A,371,119,490,4741495,4881667,9623162,5.0918814418794986e-05
WA09,5p,3,G>A,457,393,850,4741672,4881750,9623422,8.832616921506715e-05
WA09,5p,4,G>A,754,811,1565,4741672,4881751,9623423,0.0001626240475972
WA09,5p,5,G>A,4148,5028,9176,4741671,4881751,9623422,0.0009535069749617
WA09,5p,6,G>A,5126,5241,10367,4741669,4881751,9623420,0.0010772677488876
WA09,5p,7,G>A,2930,3863,6793,4741667,4881751,9623418,0.0007058822551405
WA09,5p,8,G>A,3599,4305,7904,4741639,4881744,9623383,0.0008213327891033
WA09,5p,9,G>A,4363,5076,9439,4741618,4881747,9623365,0.0009808419404231
WA09,5p,10,G>A,6192,7341,13533,4741622,4881737,9623359,0.0014062657332018
WA09,5p,11,G>A,4742,5513,10255,4741614,4881733,9623347,0.0010656375583256
WA09,5p,12,G>A,4783,5287,10070,4741580,4881734,9623314,0.0010464170658881
WA09,5p,13,G>A,4734,5606,10340,4741530,4881708,9623238,0.0010744824143391
WA09,5p,14,G>A,4551,5243,9794,4741498,4881705,9623203,0.001017748456517
WA09,5p,15,G>A,4988,5917,10905,4741496,4881672,9623168,0.0011332027041406
WA09,5p,16,G>A,5027,5584,10611,4741451,4881636,9623087,0.0011026607158388
WA09,5p,17,G>A,5078,5290,10368,4741476,4881638,9623114,0.0010774059207861
WA09,5p,18,G>A,5178,6170,11348,4741455,4881610,9623065,0.0011792500622203
WA09,5p,19,G>A,5086,5909,10995,4741379,4881580,9622959,0.0011425799486415
WA09,5p,20,G>A,4794,5662,10456,4741390,4881557,9622947,0.0010865694261851
WA09,5p,21,G>A,5421,6044,11465,4741379,4881587,9622966,0.0011914206077419
WA09,5p,22,G>A,4813,5905,10718,4741354,4881580,9622934,0.0011137975174723
WA09,5p,23,G>A,4577,6009,10586,4741312,4881565,9622877,0.0011000868035619
WA09,5p,24,G>A,5062,6008,11070,4741363,4881548,9622911,0.0011503795473116
WA09,5p,25,G>A,4893,5674,10567,4741301,4881503,9622804,0.0010981206725191
WA11,3p,1,G>A,125,93,218,9756642,10108269,19864911,1.0974124173020458e-05
WA11,3p,2,G>A,246,170,416,9756642,10108269,19864911,2.0941447963195003e-05
WA11,3p,3,G>A,418,371,789,9756642,10108269,19864911,3.971827510327129e-05
WA11,3p,4,G>A,596,530,1126,9756642,10108267,19864909,5.668286726105818e-05
WA11,3p,5,G>A,2907,3258,6165,9756642,10108269,19864911,0.0003103462180122
WA11,3p,6,G>A,3033,3313,6346,9756642,10108269,19864911,0.000319457761477
WA11,3p,7,G>A,2984,3413,6397,9756642,10108265,19864907,0.0003220251672962
WA11,3p,8,G>A,3810,3659,7469,9756629,10108160,19864789,0.0003759919121214
WA11,3p,9,G>A,3754,4582,8336,9756610,10108092,19864702,0.000419638814617
WA11,3p,10,G>A,4504,4337,8841,9756615,10107969,19864584,0.0004450634355091
WA11,3p,11,G>A,3765,4259,8024,9756587,10107918,19864505,0.0004039365692726
WA11,3p,12,G>A,3930,4283,8213,9756581,10108019,19864600,0.0004134490500689
WA11,3p,13,G>A,4242,4068,8310,9756565,10107963,19864528,0.0004183336246398
WA11,3p,14,G>A,3554,4264,7818,9756515,10107914,19864429,0.0003935678191404
WA11,3p,15,G>A,3920,4630,8550,9756471,10107972,19864443,0.0004304173039233
WA11,3p,16,G>A,3698,4155,7853,9756477,10108011,19864488,0.0003953285883834
WA11,3p,17,G>A,3803,4556,8359,9756469,10108044,19864513,0.0004208006508893
WA11,3p,18,G>A,3902,4761,8663,9756421,10108016,19864437,0.0004361059918285
WA11,3p,19,G>A,3876,4486,8362,9756438,10108000,19864438,0.000420953263314
WA11,3p,20,G>A,3722,4581,8303,9756433,10107963,19864396,0.0004179840152199
WA11,3p,21,G>A,3747,4637,8384,9756421,10107904,19864325,0.0004220631710365
WA11,3p,22,G>A,4279,4584,8863,9756405,10107842,19864247,0.0004461785035194
WA11,3p,23,G>A,4171,4959,9130,9756375,10107816,19864191,0.0004596210336479
WA11,3p,24,G>A,3951,4586,8537,9756358,10107704,19864062,0.0004297711112661
WA11,3p,25,G>A,4063,4816,8879,9756281,10107693,19863974,0.0004469901138614
WA11,5p,1,G>A,68,145,213,9756641,10108269,19864910,1.072242461707604e-05
WA11,5p,2,G>A,1122,143,1265,9756471,10108196,19864667,6.368090640532761e-05
WA11,5p,3,G>A,792,3432,4224,9756642,10108269,19864911,0.000212636240857
WA11,5p,4,G>A,1616,629,2245,9756638,10108269,19864907,0.0001130133657308
WA11,5p,5,G>A,4449,4134,8583,9756638,10108267,19864905,0.0004320685148003
WA11,5p,6,G>A,5114,4105,9219,9756642,10108269,19864911,0.0004640846364728
WA11,5p,7,G>A,3201,3495,6696,9756629,10108269,19864898,0.0003370769887668
WA11,5p,8,G>A,3924,3476,7400,9756500,10108261,19864761,0.0003725189545446
WA11,5p,9,G>A,4216,4327,8543,9756493,10108240,19864733,0.0004300586370831
WA11,5p,10,G>A,6638,6431,13069,9756446,10108197,19864643,0.0006579025860167
WA11,5p,11,G>A,4271,4773,9044,9756457,10108195,19864652,0.000455281069107
WA11,5p,12,G>A,4009,3998,8007,9756411,10108221,19864632,0.0004030781944513
WA11,5p,13,G>A,4532,4559,9091,9756334,10108178,19864512,0.0004576503062345
WA11,5p,14,G>A,4278,5290,9568,9756261,10108167,19864428,0.000481665014467
WA11,5p,15,G>A,4740,5305,10045,9756237,10108096,19864333,0.0005056802058241
WA11,5p,16,G>A,4646,5465,10111,9756275,10108079,19864354,0.0005090022056594
WA11,5p,17,G>A,4226,4830,9056,9756369,10108078,19864447,0.0004558898619226
WA11,5p,18,G>A,5294,4610,9904,9756327,10108075,19864402,0.0004985803247437
WA11,5p,19,G>A,4691,4579,9270,9756284,10108088,19864372,0.0004666646395868
WA11,5p,20,G>A,4420,4687,9107,9756292,10108082,19864374,0.0004584589476617
WA11,5p,21,G>A,5050,8608,13658,9756251,10108036,19864287,0.0006875655793736
WA11,5p,22,G>A,5427,4953,10380,9756136,10108029,19864165,0.0005225490223223
WA11,5p,23,G>A,4499,5465,9964,9756095,10108016,19864111,0.0005016081515049
WA11,5p,24,G>A,5509,5484,10993,9756046,10108010,19864056,0.0005534116496651
WA11,5p,25,G>A,4865,5057,9922,9756056,10107943,19863999,0.0004994966018675
WA12,3p,1,G>A,144,58,202,6632243,6940679,13572922,1.4882572816671313e-05
WA12,3p,2,G>A,177,119,296,6632243,6940679,13572922,2.1808126503637168e-05
WA12,3p,3,G>A,336,283,619,6632243,6940679,13572922,4.56055077897007e-05
WA12,3p,4,G>A,511,675,1186,6632243,6940676,13572919,8.737987753408091e-05
WA12,3p,5,G>A,2671,3039,5710,6632243,6940678,13572921,0.0004206905794264
WA12,3p,6,G>A,2476,3536,6012,6632243,6940679,13572922,0.0004429407315536
WA12,3p,7,G>A,3093,3559,6652,6632243,6940676,13572919,0.0004900935458319
WA12,3p,8,G>A,3338,3757,7095,6632240,6940664,13572904,0.000522732644392
WA12,3p,9,G>A,3549,4802,8351,6632231,6940656,13572887,0.0006152707231703
WA12,3p,10,G>A,3681,4664,8345,6632228,6940644,13572872,0.0006148293448873
WA12,3p,11,G>A,3258,4087,7345,6632231,6940642,13572873,0.0005411529305549
WA12,3p,12,G>A,3210,4785,7995,6632223,6940615,13572838,0.000589044089379
WA12,3p,13,G>A,3146,4127,7273,6632204,6940591,13572795,0.0005358513113916
WA12,3p,14,G>A,2967,4080,7047,6632209,6940533,13572742,0.0005192023837187
WA12,3p,15,G>A,3402,5007,8409,6632188,6940474,13572662,0.0006195542186197
WA12,3p,16,G>A,3206,4702,7908,6632187,6940478,13572665,0.0005826416551207
WA12,3p,17,G>A,3133,4475,7608,6632168,6940473,13572641,0.0005605393968646
WA12,3p,18,G>A,3467,4972,8439,6632160,6940482,13572642,0.0006217654602545
WA12,3p,19,G>A,3242,4683,7925,6632121,6940435,13572556,0.0005838988617913
WA12,3p,20,G>A,3157,4665,7822,6632105,6940432,13572537,0.0005763108253084
WA12,3p,21,G>A,3399,5572,8971,6632096,6940454,13572550,0.0006609664359313
WA12,3p,22,G>A,3446,5214,8660,6632039,6940438,13572477,0.0006380559716549
WA12,3p,23,G>A,3149,4797,7946,6631950,6940459,13572409,0.0005854524425251
WA12,3p,24,G>A,3356,5023,8379,6631933,6940411,13572344,0.0006173583575541
WA12,3p,25,G>A,3523,4653,8176,6631986,6940428,13572414,0.0006023983648008
WA12,5p,1,G>A,32,124,156,6632243,6940679,13572922,1.149347207624121e-05
WA12,5p,2,G>A,403,122,525,6631949,6940524,13572473,3.8681233700004414e-05
WA12,5p,3,G>A,441,333,774,6632242,6940678,13572920,5.702531216569463e-05
WA12,5p,4,G>A,571,771,1342,6632242,6940679,13572921,9.887333758149776e-05
WA12,5p,5,G>A,3051,4526,7577,6632242,6940677,13572919,0.0005582439562189
WA12,5p,6,G>A,3828,4720,8548,6632242,6940679,13572921,0.0006297833752955
WA12,5p,7,G>A,2116,3432,5548,6632238,6940679,13572917,0.0004087551703145
WA12,5p,8,G>A,2401,3393,5794,6632204,6940670,13572874,0.0004268808507321
WA12,5p,9,G>A,3330,3946,7276,6632209,6940675,13572884,0.0005360688266399
WA12,5p,10,G>A,4441,6178,10619,6632199,6940665,13572864,0.0007823698815518
WA12,5p,11,G>A,2950,4183,7133,6632166,6940667,13572833,0.0005255350891004
WA12,5p,12,G>A,3084,4067,7151,6632126,6940660,13572786,0.0005268630920726
WA12,5p,13,G>A,3351,4610,7961,6632065,6940658,13572723,0.0005865440560453
WA12,5p,14,G>A,3509,4392,7901,6632026,6940638,13572664,0.0005821259555235
WA12,5p,15,G>A,3783,4657,8440,6631987,6940631,13572618,0.0006218402374545
WA12,5p,16,G>A,3310,4620,7930,6631930,6940590,13572520,0.0005842688019616
WA12,5p,17,G>A,3149,4497,7646,6631958,6940621,13572579,0.000563341720096
WA12,5p,18,G>A,3763,4872,8635,6632019,6940577,13572596,0.0006362084305758
WA12,5p,19,G>A,3555,5041,8596,6631996,6940532,13572528,0.0006333381666259
WA12,5p,20,G>A,3296,4735,8031,6631973,6940532,13572505,0.0005917109627146
WA12,5p,21,G>A,3908,4871,8779,6631936,6940534,13572470,0.0006468240489756
WA12,5p,22,G>A,3583,4469,8052,6631921,6940529,13572450,0.0005932606124907
WA12,5p,23,G>A,3241,4671,7912,6631926,6940534,13572460,0.0005829451698513
WA12,5p,24,G>A,3682,5059,8741,6631934,6940518,13572452,0.0006440251179374
WA12,5p,25,G>A,3513,4670,8183,6631933,6940515,13572448,0.0006029126064804
WA13,3p,1,G>A,25,31,56,5896847,6081528,11978375,4.675091571269058e-06
WA13,3p,2,G>A,87,31,118,5896847,6081528,11978375,9.851085810888373e-06
WA13,3p,3,G>A,92,73,165,5896847,6081528,11978375,1.3774823379632046e-05
WA13,3p,4,G>A,69,93,162,5896847,6081522,11978369,1.3524378819854356e-05
WA13,3p,5,G>A,259,1077,1336,5896847,6081527,11978374,0.0001115343367972
WA13,3p,6,G>A,267,273,540,5896847,6081528,11978375,4.5081240151523055e-05
WA13,3p,7,G>A,512,411,923,5896847,6081528,11978375,7.705552714788108e-05
WA13,3p,8,G>A,365,388,753,5896845,6081521,11978366,6.286333211057335e-05
WA13,3p,9,G>A,392,698,1090,5896842,6081517,11978359,9.099743963259074e-05
WA13,3p,10,G>A,486,693,1179,5896843,6081517,11978360,9.84274975873158e-05
WA13,3p,11,G>A,339,484,823,5896841,6081492,11978333,6.870739025204927e-05
WA13,3p,12,G>A,349,894,1243,5896836,6081505,11978341,0.0001037706306741
WA13,3p,13,G>A,347,2592,2939,5896834,6081495,11978329,0.0002453597659573
WA13,3p,14,G>A,458,1297,1755,5896832,6081501,11978333,0.0001465145442191
WA13,3p,15,G>A,368,2080,2448,5896825,6081505,11978330,0.0002043690564544
WA13,3p,16,G>A,378,610,988,5896830,6081509,11978339,8.24822206150619e-05
WA13,3p,17,G>A,319,950,1269,5896823,6081499,11978322,0.0001059413831085
WA13,3p,18,G>A,418,725,1143,5896827,6081499,11978326,9.542234866541452e-05
WA13,3p,19,G>A,454,601,1055,5896822,6081480,11978302,8.807592261407334e-05
WA13,3p,20,G>A,459,839,1298,5896818,6081448,11978266,0.0001083629299933
WA13,3p,21,G>A,354,422,776,5896824,6081466,11978290,6.478387148749947e-05
WA13,3p,22,G>A,565,394,959,5896824,6081460,11978284,8.006155138749423e-05
WA13,3p,23,G>A,470,359,829,5896819,6081454,11978273,6.920864134587682e-05
WA13,3p,24,G>A,1004,603,1607,5896803,6081440,11978243,0.000134159909763
WA13,3p,25,G>A,409,348,757,5896783,6081437,11978220,6.319803777188931e-05
WA13,5p,1,G>A,18,81,99,5896847,6081528,11978375,8.264894027779228e-06
WA13,5p,2,G>A,150,45,195,5896725,6081443,11978168,1.627961805177553e-05
WA13,5p,3,G>A,124,39,163,5896847,6081528,11978375,1.3607855823515292e-05
WA13,5p,4,G>A,146,131,277,5896841,6081528,11978369,2.312501810555344e-05
WA13,5p,5,G>A,463,352,815,5896841,6081528,11978369,6.803931319865e-05
WA13,5p,6,G>A,712,301,1013,5896841,6081528,11978369,8.456910953402754e-05
WA13,5p,7,G>A,356,445,801,5896845,6081528,11978373,6.687051738996606e-05
WA13,5p,8,G>A,368,255,623,5896843,6081526,11978369,5.201041978252632e-05
WA13,5p,9,G>A,391,540,931,5896837,6081518,11978355,7.772352714542189e-05
WA13,5p,10,G>A,593,656,1249,5896833,6081518,11978351,0.0001042714477142
WA13,5p,11,G>A,322,314,636,5896827,6081513,11978340,5.309583798756756e-05
WA13,5p,12,G>A,330,403,733,5896822,6081502,11978324,6.119386986025758e-05
WA13,5p,13,G>A,337,423,760,5896809,6081508,11978317,6.34479785432294e-05
WA13,5p,14,G>A,340,441,781,5896802,6081520,11978322,6.5201119155087e-05
WA13,5p,15,G>A,321,329,650,5896798,6081508,11978306,5.4264768323667805e-05
WA13,5p,16,G>A,358,482,840,5896754,6081491,11978245,7.012713465119472e-05
WA13,5p,17,G>A,294,435,729,5896805,6081514,11978319,6.085995873043621e-05
WA13,5p,18,G>A,316,8981,9297,5896796,6081504,11978300,0.0007761535443259
WA13,5p,19,G>A,343,880,1223,5896797,6081472,11978269,0.0001021015640907
WA13,5p,20,G>A,390,393,783,5896788,6081482,11978270,6.536837122556095e-05
WA13,5p,21,G>A,405,371,776,5896782,6081484,11978266,6.478400129033701e-05
WA13,5p,22,G>A,371,543,914,5896771,6081483,11978254,7.630494394258128e-05
WA13,5p,23,G>A,426,430,856,5896768,6081501,11978269,7.146274641185634e-05
WA13,5p,24,G>A,372,438,810,5896781,6081498,11978279,6.762240218315169e-05
WA13,5p,25,G>A,321,525,846,5896769,6081462,11978231,7.062812530498034e-05
WA14,3p,1,G>A,96,63,159,6684341,7140972,13825313,1.1500643782893016e-05
WA14,3p,2,G>A,145,986,1131,6684341,7140972,13825313,8.180646615378618e-05
WA14,3p,3,G>A,281,309,590,6684341,7140972,13825313,4.267534485476025e-05
WA14,3p,4,G>A,355,600,955,6684341,7140971,13825312,6.907619878668923e-05
WA14,3p,5,G>A,1706,2394,4100,6684341,7140970,13825311,0.0002965575240947
WA14,3p,6,G>A,1677,2608,4285,6684341,7140971,13825312,0.0003099387558125
WA14,3p,7,G>A,2049,2494,4543,6684341,7140969,13825310,0.0003286002266856
WA14,3p,8,G>A,2538,3210,5748,6684326,7140932,13825258,0.0004157607763992
WA14,3p,9,G>A,2267,3048,5315,6684323,7140920,13825243,0.0003844417056539
WA14,3p,10,G>A,2482,3205,5687,6684256,7140912,13825168,0.0004113512399993
WA14,3p,11,G>A,2184,3168,5352,6684256,7140894,13825150,0.0003871205737369
WA14,3p,12,G>A,2296,2698,4994,6684291,7140849,13825140,0.0003612259984347
WA14,3p,13,G>A,2284,3308,5592,6684289,7140794,13825083,0.0004044822009386
WA14,3p,14,G>A,2527,3738,6265,6684291,7140742,13825033,0.0004531634752698
WA14,3p,15,G>A,2511,4057,6568,6684271,7140702,13824973,0.0004750823021498
WA14,3p,16,G>A,2622,3466,6088,6684263,7140648,13824911,0.000440364498549
WA14,3p,17,G>A,2460,3326,5786,6684212,7140653,13824865,0.0004185212658496
WA14,3p,18,G>A,2458,4717,7175,6684177,7140647,13824824,0.000518993948856
WA14,3p,19,G>A,2813,2704,5517,6684172,7140542,13824714,0.0003990679300852
WA14,3p,20,G>A,2544,2809,5353,6684176,7140544,13824720,0.0003872049488163
WA14,3p,21,G>A,2885,2695,5580,6684132,7140443,13824575,0.0004036290446541
WA14,3p,22,G>A,2796,2809,5605,6684105,7140560,13824665,0.0004054347790705
WA14,3p,23,G>A,2345,2841,5186,6683638,7140562,13824200,0.0003751392485641
WA14,3p,24,G>A,2616,3350,5966,6683623,7140532,13824155,0.0004315634481818
WA14,3p,25,G>A,2353,3005,5358,6683613,7140513,13824126,0.0003875832728955
WA14,5p,1,G>A,66,117,183,6684341,7140972,13825313,1.3236590014273095e-05
WA14,5p,2,G>A,560,96,656,6684184,7140911,13825095,4.744994519025005e-05
WA14,5p,3,G>A,361,204,565,6684338,7140972,13825310,4.086707639828691e-05
WA14,5p,4,G>A,644,467,1111,6684341,7140972,13825313,8.035984429430277e-05
WA14,5p,5,G>A,3085,2760,5845,6684341,7140972,13825313,0.000422775238434
WA14,5p,6,G>A,3080,3761,6841,6684340,7140972,13825312,0.0004948170428269
WA14,5p,7,G>A,1582,2729,4311,6684336,7140972,13825308,0.0003118194545828
WA14,5p,8,G>A,2091,2640,4731,6684277,7140970,13825247,0.0003422000344731
WA14,5p,9,G>A,2237,3272,5509,6684241,7140959,13825200,0.0003984752480976
WA14,5p,10,G>A,3665,4621,8286,6684210,7140628,13824838,0.0005993560286203
WA14,5p,11,G>A,2575,3421,5996,6684218,7140646,13824864,0.0004337113189684
WA14,5p,12,G>A,2610,3598,6208,6684139,7140917,13825056,0.0004490397724247
WA14,5p,13,G>A,2675,4202,6877,6684018,7140931,13824949,0.0004974340230839
WA14,5p,14,G>A,2576,3867,6443,6683951,7140942,13824893,0.0004660433899922
WA14,5p,15,G>A,2817,4045,6862,6684030,7140908,13824938,0.0004963494230498
WA14,5p,16,G>A,3762,3707,7469,6683910,7140868,13824778,0.0005402618400092
WA14,5p,17,G>A,3049,4307,7356,6683904,7140873,13824777,0.0005320881486912
WA14,5p,18,G>A,3439,4170,7609,6683891,7140646,13824537,0.0005503981797003
WA14,5p,19,G>A,2996,4229,7225,6683958,7140595,13824553,0.0005226208760601
WA14,5p,20,G>A,3273,2905,6178,6683860,7140558,13824418,0.0004468904224394
WA14,5p,21,G>A,3202,3372,6574,6683480,7140494,13823974,0.000475550662928
WA14,5p,22,G>A,2839,2937,5776,6683768,7140398,13824166,0.0004178190568602
WA14,5p,23,G>A,2845,3706,6551,6683762,7140257,13824019,0.0004738853440522
WA14,5p,24,G>A,2798,3675,6473,6683714,7140421,13824135,0.0004682390616121
WA14,5p,25,G>A,3167,4079,7246,6683731,7140511,13824242,0.0005241517039415
WA18,3p,1,G>A,242,100,342,14112928,14131239,28244167,1.2108694867864222e-05
WA18,3p,2,G>A,460,155,615,14112928,14131239,28244167,2.1774407437826013e-05
WA18,3p,3,G>A,693,2621,3314,14112928,14131239,28244167,0.0001173339613804
WA18,3p,4,G>A,923,883,1806,14112928,14131238,28244166,6.394240849597045e-05
WA18,3p,5,G>A,4630,5063,9693,14112928,14131239,28244167,0.0003431859045444
WA18,3p,6,G>A,4521,6407,10928,14112928,14131239,28244167,0.0003869117471228
WA18,3p,7,G>A,5982,6707,12689,14112928,14131237,28244165,0.0004492609358428
WA18,3p,8,G>A,5532,8652,14184,14112927,14131187,28244114,0.0005021931295136
WA18,3p,9,G>A,5896,9055,14951,14112909,14131177,28244086,0.0005293497548477
WA18,3p,10,G>A,7128,6349,13477,14112909,14131197,28244106,0.0004771615005268
WA18,3p,11,G>A,6001,10183,16184,14112900,14131167,28244067,0.0005730052970062
WA18,3p,12,G>A,6652,6987,13639,14112895,14131136,28244031,0.0004828984927824
WA18,3p,13,G>A,6111,5863,11974,14112898,14131061,28243959,0.0004239490646477
WA18,3p,14,G>A,6040,6456,12496,14112830,14131006,28243836,0.0004424328196778
WA18,3p,15,G>A,5700,9872,15572,14112809,14130957,28243766,0.0005513429051918
WA18,3p,16,G>A,5571,7796,13367,14112765,14130927,28243692,0.0004732738198674
WA18,3p,17,G>A,5937,6170,12107,14112743,14130850,28243593,0.0004286635910664
WA18,3p,18,G>A,6778,7859,14637,14112708,14130769,28243477,0.0005182435576186
WA18,3p,19,G>A,5974,7298,13272,14112724,14130771,28243495,0.0004699135145986
WA18,3p,20,G>A,5617,6120,11737,14112697,14130797,28243494,0.000415564731474
WA18,3p,21,G>A,5903,9840,15743,14112659,14130783,28243442,0.0005574037328736
WA18,3p,22,G>A,6107,7344,13451,14112575,14130715,28243290,0.0004762547139515
WA18,3p,23,G>A,5738,6026,11764,14112548,14130648,28243196,0.0004165250986467
WA18,3p,24,G>A,6185,7133,13318,14112551,14130690,28243241,0.0004715464489362
WA18,3p,25,G>A,6778,9000,15778,14112486,14130651,28243137,0.0005586489914346
WA18,5p,1,G>A,66,205,271,14112926,14131239,28244165,9.594902168288564e-06
WA18,5p,2,G>A,1836,160,1996,14112820,14131183,28244003,7.066986928163123e-05
WA18,5p,3,G>A,1182,418,1600,14112928,14131239,28244167,5.664886487889695e-05
WA18,5p,4,G>A,2174,906,3080,14112928,14131239,28244167,0.0001090490648918
WA18,5p,5,G>A,6329,4796,11125,14112925,14131239,28244164,0.0003938866804483
WA18,5p,6,G>A,7049,5499,12548,14112927,14131239,28244166,0.0004442687385423
WA18,5p,7,G>A,3762,4321,8083,14112921,14131239,28244160,0.0002861830551873
WA18,5p,8,G>A,4770,4049,8819,14112828,14131230,28244058,0.0003122426671124
WA18,5p,9,G>A,5782,5022,10804,14112833,14131230,28244063,0.0003825228686113
WA18,5p,10,G>A,8383,8985,17368,14112791,14131213,28244004,0.0006149269770674
WA18,5p,11,G>A,5763,5929,11692,14112776,14131211,28243987,0.0004139642182953
WA18,5p,12,G>A,5070,8510,13580,14112682,14131223,28243905,0.0004808117007899
WA18,5p,13,G>A,6112,6189,12301,14112608,14131206,28243814,0.0004355289976063
WA18,5p,14,G>A,5765,6555,12320,14112535,14131179,28243714,0.0004362032557049
WA18,5p,15,G>A,5992,7154,13146,14112545,14131148,28243693,0.0004654490473324
WA18,5p,16,G>A,6944,6629,13573,14112522,14131083,28243605,0.0004805689641956
WA18,5p,17,G>A,6869,7029,13898,14112485,14130990,28243475,0.0004920782587836
WA18,5p,18,G>A,7285,6587,13872,14112481,14130987,28243468,0.0004911578139058
WA18,5p,19,G>A,6345,6783,13128,14112359,14130867,28243226,0.0004648194225404
WA18,5p,20,G>A,6715,7203,13918,14112397,14130866,28243263,0.0004927900859047
WA18,5p,21,G>A,7646,6913,14559,14112347,14130679,28243026,0.0005154900894826
WA18,5p,22,G>A,8454,6402,14856,14112376,14129592,28241968,0.0005260256650669
WA18,5p,23,G>A,6640,6169,12809,14112288,14129275,28241563,0.000453551384532
WA18,5p,24,G>A,7644,6679,14323,14112253,14129481,28241734,0.0005071572446649
WA18,5p,25,G>A,6706,7969,14675,14112273,14130551,28242824,0.0005196010144028
WA22,3p,1,G>A,7,12,19,1513709,1653397,3167106,5.999167694418816e-06
WA22,3p,2,G>A,17,11,28,1513709,1653396,3167105,8.840881499034607e-06
WA22,3p,3,G>A,70,28,98,1513709,1653396,3167105,3.094308524662113e-05
WA22,3p,4,G>A,54,62,116,1513709,1653394,3167103,3.662653219677415e-05
WA22,3p,5,G>A,170,382,552,1513709,1653397,3167106,0.0001742916088062
WA22,3p,6,G>A,167,477,644,1513709,1653397,3167106,0.0002033402102739
WA22,3p,7,G>A,190,469,659,1513709,1653397,3167106,0.0002080763952958
WA22,3p,8,G>A,259,675,934,1513709,1653395,3167104,0.0002949066402618
WA22,3p,9,G>A,313,738,1051,1513709,1653397,3167106,0.0003318486972017
WA22,3p,10,G>A,248,665,913,1513706,1653396,3167102,0.000288276159088
WA22,3p,11,G>A,282,624,906,1513685,1653390,3167075,0.0002860683753936
WA22,3p,12,G>A,299,627,926,1513662,1653379,3167041,0.0002923864894707
WA22,3p,13,G>A,266,717,983,1513689,1653380,3167069,0.0003103816178302
WA22,3p,14,G>A,268,675,943,1513686,1653352,3167038,0.0002977545580444
WA22,3p,15,G>A,231,741,972,1513677,1653343,3167020,0.0003069131233778
WA22,3p,16,G>A,298,755,1053,1513637,1653341,3166978,0.000332493626416
WA22,3p,17,G>A,274,627,901,1513671,1653319,3166990,0.0002844972671211
WA22,3p,18,G>A,275,630,905,1513665,1653288,3166953,0.0002857636346355
WA22,3p,19,G>A,181,643,824,1513662,1653275,3166937,0.0002601883144502
WA22,3p,20,G>A,198,648,846,1513684,1653304,3166988,0.0002671307879916
WA22,3p,21,G>A,208,739,947,1513677,1653327,3167004,0.0002990207779971
WA22,3p,22,G>A,263,781,1044,1513684,1653356,3167040,0.0003296453470748
WA22,3p,23,G>A,286,674,960,1513676,1653329,3167005,0.0003031255081693
WA22,3p,24,G>A,297,644,941,1513672,1653285,3166957,0.0002971306525475
WA22,3p,25,G>A,283,639,922,1513669,1653296,3166965,0.0002911304671823
WA22,5p,1,G>A,19,38,57,1513709,1653397,3167106,1.799750308325645e-05
WA22,5p,2,G>A,30,12,42,1513674,1653378,3167052,1.3261544174203644e-05
WA22,5p,3,G>A,77,44,121,1513709,1653397,3167106,3.820522584340404e-05
WA22,5p,4,G>A,145,76,221,1513709,1653397,3167106,6.977979265613466e-05
WA22,5p,5,G>A,225,408,633,1513708,1653396,3167104,0.0001998671341389
WA22,5p,6,G>A,513,412,925,1513704,1653397,3167101,0.0002920652041093
WA22,5p,7,G>A,144,378,522,1513707,1653397,3167104,0.0001648193428444
WA22,5p,8,G>A,220,744,964,1513692,1653397,3167089,0.0003043804578905
WA22,5p,9,G>A,335,539,874,1513700,1653389,3167089,0.0002759631952243
WA22,5p,10,G>A,363,942,1305,1513705,1653389,3167094,0.0004120496581408
WA22,5p,11,G>A,257,691,948,1513699,1653381,3167080,0.0002993293506952
WA22,5p,12,G>A,363,711,1074,1513692,1653345,3167037,0.0003391182357515
WA22,5p,13,G>A,355,712,1067,1513697,1653377,3167074,0.0003369040319234
WA22,5p,14,G>A,204,588,792,1513677,1653376,3167053,0.0002500747540379
WA22,5p,15,G>A,319,601,920,1513695,1653381,3167076,0.0002904887662942
WA22,5p,16,G>A,333,643,976,1513668,1653368,3167036,0.0003081745834275
WA22,5p,17,G>A,258,594,852,1513675,1653395,3167070,0.0002690183671342
WA22,5p,18,G>A,305,627,932,1513651,1653392,3167043,0.0002942808165219
WA22,5p,19,G>A,406,629,1035,1513674,1653350,3167024,0.0003268052278732
WA22,5p,20,G>A,217,708,925,1513678,1653356,3167034,0.0002920713828774
WA22,5p,21,G>A,356,707,1063,1513690,1653371,3167061,0.000335642414213
WA22,5p,22,G>A,288,697,985,1513691,1653380,3167071,0.0003110129201397
WA22,5p,23,G>A,238,683,921,1513634,1653393,3167027,0.0002908090142584
WA22,5p,24,G>A,242,696,938,1513632,1653375,3167007,0.0002961786949002
WA22,5p,25,G>A,293,587,880,1513644,1653364,3167008,0.000277864785943
WA25,3p,1,G>A,32,19,51,3375244,3569089,6944333,7.344117858403392e-06
WA25,3p,2,G>A,67,18,85,3375244,3569089,6944333,1.224019643067232e-05
WA25,3p,3,G>A,173,52,225,3375244,3569089,6944333,3.240051996354438e-05
WA25,3p,4,G>A,163,140,303,3375244,3569087,6944331,4.363271278399604e-05
WA25,3p,5,G>A,663,651,1314,3375244,3569089,6944333,0.000189219036587
WA25,3p,6,G>A,817,698,1515,3375244,3569089,6944333,0.0002181635010878
WA25,3p,7,G>A,638,713,1351,3375244,3569089,6944333,0.0001945471220922
WA25,3p,8,G>A,921,986,1907,3375239,3569076,6944315,0.0002746131187885
WA25,3p,9,G>A,856,948,1804,3375240,3569076,6944316,0.0002597808049057
WA25,3p,10,G>A,815,969,1784,3375240,3569075,6944315,0.0002569007886307
WA25,3p,11,G>A,721,875,1596,3375233,3569054,6944287,0.0002298292106878
WA25,3p,12,G>A,1033,1040,2073,3375226,3569069,6944295,0.0002985184241164
WA25,3p,13,G>A,942,867,1809,3375230,3569053,6944283,0.0002605020561518
WA25,3p,14,G>A,765,848,1613,3375223,3569037,6944260,0.0002322781693081
WA25,3p,15,G>A,892,1115,2007,3375218,3569039,6944257,0.0002890158011145
WA25,3p,16,G>A,1033,1292,2325,3375196,3569030,6944226,0.0003348105318
WA25,3p,17,G>A,917,1031,1948,3375198,3569022,6944220,0.0002805210664408
WA25,3p,18,G>A,778,949,1727,3375213,3569006,6944219,0.0002486960736693
WA25,3p,19,G>A,960,1141,2101,3375204,3569005,6944209,0.0003025542577995
WA25,3p,20,G>A,994,1227,2221,3375190,3568979,6944169,0.0003198366860023
WA25,3p,21,G>A,799,1460,2259,3375199,3568998,6944197,0.00032530759136
WA25,3p,22,G>A,872,1396,2268,3375179,3568994,6944173,0.0003266047663271
WA25,3p,23,G>A,1013,1211,2224,3375175,3568972,6944147,0.0003202697177925
WA25,3p,24,G>A,987,1382,2369,3375177,3568962,6944139,0.0003411510051858
WA25,3p,25,G>A,994,1535,2529,3375156,3568970,6944126,0.0003641927004204
WA25,5p,1,G>A,19,46,65,3375244,3569089,6944333,9.360150211690597e-06
WA25,5p,2,G>A,405,25,430,3375147,3569045,6944192,6.192225099766827e-05
WA25,5p,3,G>A,155,45,200,3375243,3569089,6944332,2.880046633715093e-05
WA25,5p,4,G>A,247,173,420,3375243,3569089,6944332,6.048097930801695e-05
WA25,5p,5,G>A,909,1002,1911,3375244,3569088,6944332,0.0002751884558514
WA25,5p,6,G>A,1232,900,2132,3375244,3569089,6944333,0.0003070129269434
WA25,5p,7,G>A,636,939,1575,3375242,3569089,6944331,0.0002268037050653
WA25,5p,8,G>A,748,1115,1863,3375221,3569088,6944309,0.0002682772324791
WA25,5p,9,G>A,832,920,1752,3375227,3569087,6944314,0.0002522927390668
WA25,5p,10,G>A,1505,1418,2923,3375217,3569085,6944302,0.000420920633924
WA25,5p,11,G>A,899,1019,1918,3375193,3569088,6944281,0.0002761985006079
WA25,5p,12,G>A,913,893,1806,3375142,3569084,6944226,0.0002600721808305
WA25,5p,13,G>A,1074,1395,2469,3375133,3569081,6944214,0.0003555477984981
WA25,5p,14,G>A,1089,847,1936,3375151,3569071,6944222,0.0002787929302951
WA25,5p,15,G>A,1238,987,2225,3375137,3569055,6944192,0.0003204116476042
WA25,5p,16,G>A,961,854,1815,3375081,3569035,6944116,0.0002613723618672
WA25,5p,17,G>A,1094,871,1965,3375076,3568871,6943947,0.0002829802704427
WA25,5p,18,G>A,1155,1131,2286,3375102,3568996,6944098,0.0003292004231507
WA25,5p,19,G>A,864,1166,2030,3375134,3569021,6944155,0.0002923321844054
WA25,5p,20,G>A,972,1001,1973,3375145,3569019,6944164,0.0002841234740423
WA25,5p,21,G>A,880,892,1772,3375130,3569013,6944143,0.0002551790768133
WA25,5p,22,G>A,1213,1092,2305,3375139,3569001,6944140,0.0003319345520107
WA25,5p,23,G>A,985,1188,2173,3375144,3569002,6944146,0.000312925448284
WA25,5p,24,G>A,1115,1252,2367,3375124,3568967,6944091,0.0003408653486827
WA25,5p,25,G>A,981,1118,2099,3375125,3568950,6944075,0.0003022720808747
WA26,3p,1,G>A,39,13,52,2709623,2900126,5609749,9.269576945421263e-06
WA26,3p,2,G>A,119,25,144,2709623,2900126,5609749,2.5669597695012736e-05
WA26,3p,3,G>A,116,53,169,2709623,2900126,5609749,3.0126125072619117e-05
WA26,3p,4,G>A,220,105,325,2709623,2900126,5609749,5.793485590888291e-05
WA26,3p,5,G>A,803,807,1610,2709623,2900126,5609749,0.0002870003631178
WA26,3p,6,G>A,966,736,1702,2709623,2900126,5609749,0.0003034003838674
WA26,3p,7,G>A,747,886,1633,2709623,2900126,5609749,0.0002911003683052
WA26,3p,8,G>A,1372,927,2299,2709619,2900114,5609733,0.0004098234265338
WA26,3p,9,G>A,4889,1191,6080,2709613,2900111,5609724,0.0010838322883621
WA26,3p,10,G>A,4247,886,5133,2709609,2900074,5609683,0.0009150249666514
WA26,3p,11,G>A,1557,937,2494,2709594,2900076,5609670,0.0004445894321769
WA26,3p,12,G>A,2108,973,3081,2709607,2900081,5609688,0.0005492284062856
WA26,3p,13,G>A,811,1037,1848,2709604,2900084,5609688,0.0003294300859513
WA26,3p,14,G>A,1244,1202,2446,2709584,2900069,5609653,0.0004360341005049
WA26,3p,15,G>A,1490,1069,2559,2709593,2900082,5609675,0.0004561761599379
WA26,3p,16,G>A,1017,1268,2285,2709580,2900075,5609655,0.0004073334278132
WA26,3p,17,G>A,5666,1254,6920,2709570,2900078,5609648,0.0012335889881147
WA26,3p,18,G>A,984,4467,5451,2709582,2900059,5609641,0.0009717199371581
WA26,3p,19,G>A,2796,3436,6232,2709567,2900016,5609583,0.0011109560193689
WA26,3p,20,G>A,1440,2595,4035,2709563,2899983,5609546,0.0007193095484019
WA26,3p,21,G>A,1124,1732,2856,2709562,2900021,5609583,0.0005091287534207
WA26,3p,22,G>A,1489,2461,3950,2709522,2900007,5609529,0.0007041589409734
WA26,3p,23,G>A,1060,1876,2936,2709541,2899974,5609515,0.0005233964077108
WA26,3p,24,G>A,3839,11873,15712,2709558,2899951,5609509,0.0028009581587265
WA26,3p,25,G>A,1920,1338,3258,2709500,2900002,5609502,0.0005808002207682
WA26,5p,1,G>A,10,49,59,2709622,2900126,5609748,1.051740648599545e-05
WA26,5p,2,G>A,156,84,240,2709554,2900092,5609646,4.278344836733013e-05
WA26,5p,3,G>A,139,51,190,2709623,2900126,5609749,3.386960806980847e-05
WA26,5p,4,G>A,200,125,325,2709623,2900126,5609749,5.793485590888291e-05
WA26,5p,5,G>A,661,795,1456,2709623,2900125,5609748,0.0002595482007391
WA26,5p,6,G>A,911,971,1882,2709621,2900126,5609747,0.0003354875005949
WA26,5p,7,G>A,514,875,1389,2709622,2900126,5609748,0.000247604705238
WA26,5p,8,G>A,674,949,1623,2709609,2900124,5609733,0.0002893185825421
WA26,5p,9,G>A,780,846,1626,2709594,2900123,5609717,0.0002898541940707
WA26,5p,10,G>A,1106,1384,2490,2709601,2900123,5609724,0.0004438721049377
WA26,5p,11,G>A,788,1061,1849,2709605,2900103,5609708,0.0003296071738493
WA26,5p,12,G>A,785,876,1661,2709595,2900107,5609702,0.0002960941597254
WA26,5p,13,G>A,795,1171,1966,2709592,2900104,5609696,0.0003504646241079
WA26,5p,14,G>A,902,1141,2043,2709563,2900089,5609652,0.0003641937146903
WA26,5p,15,G>A,1449,1289,2738,2709545,2900085,5609630,0.0004880892322666
WA26,5p,16,G>A,791,1586,2377,2709540,2900076,5609616,0.0004237366693192
WA26,5p,17,G>A,924,1109,2033,2709554,2900055,5609609,0.0003624138509475
WA26,5p,18,G>A,1106,1270,2376,2709554,2900082,5609636,0.0004235568938875
WA26,5p,19,G>A,1127,1490,2617,2709570,2900086,5609656,0.0004665170199384
WA26,5p,20,G>A,949,1449,2398,2709563,2900082,5609645,0.000427478031141
WA26,5p,21,G>A,1605,1488,3093,2709545,2900061,5609606,0.000551375622459
WA26,5p,22,G>A,1367,1404,2771,2709542,2900059,5609601,0.000493974526887
WA26,5p,23,G>A,976,1467,2443,2709528,2900065,5609593,0.0004355039661522
WA26,5p,24,G>A,1622,948,2570,2709495,2900057,5609552,0.0004581471033693
WA26,5p,25,G>A,1307,1316,2623,2709506,2900041,5609547,0.0004675956899906
