Sample,End,Position,Substitution,Pos_Count,Neg_Count,Combined_Count,Pos_Total,Neg_Total,Combined_Total,Frequency
DAL192,3p,1,S,308440,261620,570060,6350003,6167708,12517711,0.0455402748953063
DAL192,3p,2,S,297870,251054,548924,6350003,6167706,12517709,0.0438517942859991
DAL192,3p,3,S,274944,227758,502702,6350003,6167708,12517711,0.0401592591488971
DAL192,3p,4,S,248310,202188,450498,6350003,6167708,12517711,0.0359888481208744
DAL192,3p,5,S,218020,172173,390193,6350003,6167708,12517711,0.0311712740452307
DAL192,3p,6,S,196223,152097,348320,6350003,6167708,12517711,0.0278261736510772
DAL192,3p,7,S,180736,138532,319268,6350003,6167708,12517711,0.0255053020476347
DAL192,3p,8,S,168729,128710,297439,6350003,6167618,12517621,0.0237616237142824
DAL192,3p,9,S,159164,121582,280746,6350003,6167637,12517640,0.0224280295646783
DAL192,3p,10,S,149427,113970,263397,6350003,6167645,12517648,0.0210420519893194
DAL192,3p,11,S,141182,107750,248932,6349987,6167644,12517631,0.0198865104747056
DAL192,3p,12,S,131632,101259,232891,6349997,6167646,12517643,0.0186050201303871
DAL192,3p,13,S,123747,94947,218694,6349992,6167621,12517613,0.0174709027991199
DAL192,3p,14,S,116337,88589,204926,6349967,6167610,12517577,0.0163710596707334
DAL192,3p,15,S,108491,82326,190817,6349968,6167615,12517583,0.0152439172961745
DAL192,3p,16,S,101606,76353,177959,6349943,6167587,12517530,0.0142167823843841
DAL192,3p,17,S,94189,70543,164732,6349922,6167606,12517528,0.0131601063724403
DAL192,3p,18,S,85934,65234,151168,6349922,6167564,12517486,0.0120765463608267
DAL192,3p,19,S,78112,59737,137849,6349921,6167519,12517440,0.0110125552828693
DAL192,3p,20,S,70509,54435,124944,6349910,6167516,12517426,0.0099816048443186
DAL192,3p,21,S,62795,49517,112312,6349882,6167507,12517389,0.0089724782061179
DAL192,3p,22,S,55573,43772,99345,6349894,6167488,12517382,0.0079365637319369
DAL192,3p,23,S,48879,38367,87246,6349902,6167465,12517367,0.0069699961661266
DAL192,3p,24,S,41357,32906,74263,6349899,6167465,12517364,0.005932798630766
DAL192,3p,25,S,34510,26661,61171,6349856,6167384,12517240,0.0048869399324451
DAL192,5p,1,S,300774,347902,648676,6350003,6167708,12517711,0.051820656348433
DAL192,5p,2,S,287189,326611,613800,6349992,6167694,12517686,0.0490346218941743
DAL192,5p,3,S,274138,304315,578453,6350003,6167707,12517710,0.0462107685830715
DAL192,5p,4,S,260693,291817,552510,6350003,6167708,12517711,0.0441382613802156
DAL192,5p,5,S,250241,280843,531084,6350003,6167707,12517710,0.0424266099789817
DAL192,5p,6,S,229455,267991,497446,6350002,6167707,12517709,0.0397393804249643
DAL192,5p,7,S,216790,251560,468350,6350002,6167708,12517710,0.0374149904415424
DAL192,5p,8,S,206386,232719,439105,6349926,6167708,12517634,0.0350789134751822
DAL192,5p,9,S,198430,221564,419994,6349914,6167708,12517622,0.033552219423146
DAL192,5p,10,S,189224,213862,403086,6349896,6167708,12517604,0.0322015299413529
DAL192,5p,11,S,179958,202476,382434,6349942,6167706,12517648,0.0305515860487529
DAL192,5p,12,S,170622,190861,361483,6349906,6167700,12517606,0.0288779659625011
DAL192,5p,13,S,160348,176921,337269,6349906,6167705,12517611,0.0269435597575288
DAL192,5p,14,S,149764,165834,315598,6349889,6167679,12517568,0.0252124054768466
DAL192,5p,15,S,141543,155457,297000,6349890,6167649,12517539,0.0237267085806563
DAL192,5p,16,S,132271,145399,277670,6349904,6167639,12517543,0.0221824682367777
DAL192,5p,17,S,123822,134701,258523,6349778,6167623,12517401,0.0206530892475203
DAL192,5p,18,S,115734,124429,240163,6349859,6167631,12517490,0.0191861946764087
DAL192,5p,19,S,105617,114290,219907,6349822,6167638,12517460,0.0175680209882835
DAL192,5p,20,S,95563,103180,198743,6349836,6167621,12517457,0.0158772664447738
DAL192,5p,21,S,87105,90854,177959,6349784,6167624,12517408,0.014216920947212
DAL192,5p,22,S,78758,80463,159221,6349783,6167584,12517367,0.0127200073306151
DAL192,5p,23,S,69181,70091,139272,6349801,6167567,12517368,0.0111263006727931
DAL192,5p,24,S,60128,59953,120081,6349759,6167564,12517323,0.009593185379973
DAL192,5p,25,S,51769,50246,102015,6349777,6167551,12517328,0.0081499022794641
DAL193,3p,1,S,382912,346723,729635,6484405,6362696,12847101,0.056793746698185
DAL193,3p,2,S,354005,317417,671422,6484402,6362696,12847098,0.0522625420931637
DAL193,3p,3,S,313264,276388,589652,6484405,6362696,12847101,0.0458976698322835
DAL193,3p,4,S,268029,231070,499099,6484405,6362696,12847101,0.0388491535950406
DAL193,3p,5,S,220220,182467,402687,6484405,6362696,12847101,0.0313445811627074
DAL193,3p,6,S,195355,158874,354229,6484405,6362696,12847101,0.0275726796263219
DAL193,3p,7,S,177268,141351,318619,6484405,6362696,12847101,0.0248008480668128
DAL193,3p,8,S,162538,127415,289953,6484400,6362644,12847044,0.0225696276902297
DAL193,3p,9,S,150160,117209,267369,6484400,6362631,12847031,0.0208117346334729
DAL193,3p,10,S,138273,107044,245317,6484393,6362640,12847033,0.0190952261117411
DAL193,3p,11,S,129097,100053,229150,6484398,6362639,12847037,0.0178367976989557
DAL193,3p,12,S,119966,93919,213885,6484368,6362594,12846962,0.0166486831672733
DAL193,3p,13,S,111502,87382,198884,6484385,6362543,12846928,0.0154810550818063
DAL193,3p,14,S,103735,81057,184792,6484363,6362486,12846849,0.0143842276032044
DAL193,3p,15,S,96399,74810,171209,6484332,6362438,12846770,0.0133270074890419
DAL193,3p,16,S,89614,68930,158544,6484341,6362460,12846801,0.0123411267910198
DAL193,3p,17,S,82839,63357,146196,6484294,6362445,12846739,0.0113800085764955
DAL193,3p,18,S,74818,57424,132242,6484244,6362380,12846624,0.0102939106803468
DAL193,3p,19,S,67208,51618,118826,6484265,6362400,12846665,0.0092495600998391
DAL193,3p,20,S,60002,45825,105827,6484261,6362382,12846643,0.0082377162656423
DAL193,3p,21,S,52537,40421,92958,6484248,6362443,12846691,0.007235948930351
DAL193,3p,22,S,46440,35808,82248,6484224,6362407,12846631,0.0064023011169231
DAL193,3p,23,S,39657,30667,70324,6484218,6362399,12846617,0.005474125989745
DAL193,3p,24,S,32425,25854,58279,6484164,6362319,12846483,0.004536572383274
DAL193,3p,25,S,26434,21048,47482,6484128,6362355,12846483,0.0036961088883237
DAL193,5p,1,S,392119,411397,803516,6484405,6362696,12847101,0.0625445382580864
DAL193,5p,2,S,357699,367818,725517,6484386,6362681,12847067,0.0564733569148506
DAL193,5p,3,S,323877,325071,648948,6484400,6362696,12847096,0.0505132054746068
DAL193,5p,4,S,292016,293342,585358,6484403,6362696,12847099,0.0455634380960246
DAL193,5p,5,S,262965,263078,526043,6484403,6362696,12847099,0.0409464424614459
DAL193,5p,6,S,240138,248074,488212,6484404,6362696,12847100,0.0380017280164395
DAL193,5p,7,S,222921,230409,453330,6484404,6362696,12847100,0.0352865627262183
DAL193,5p,8,S,209892,209945,419837,6484314,6362693,12847007,0.032679751789658
DAL193,5p,9,S,198200,196057,394257,6484295,6362695,12846990,0.0306886671508267
DAL193,5p,10,S,186271,184689,370960,6484284,6362694,12846978,0.0288752732354644
DAL193,5p,11,S,176473,173893,350366,6484315,6362677,12846992,0.0272722206100852
DAL193,5p,12,S,166688,162700,329388,6484218,6362670,12846888,0.0256395167452226
DAL193,5p,13,S,153694,151590,305284,6484143,6362652,12846795,0.0237634367170955
DAL193,5p,14,S,142174,140612,282786,6484145,6362627,12846772,0.0220122222142651
DAL193,5p,15,S,132443,130182,262625,6484166,6362534,12846700,0.0204429931422077
DAL193,5p,16,S,123440,120877,244317,6484111,6362519,12846630,0.0190179837046758
DAL193,5p,17,S,113588,111515,225103,6484043,6362598,12846641,0.0175223235396707
DAL193,5p,18,S,104863,101611,206474,6483967,6362571,12846538,0.0160723457167993
DAL193,5p,19,S,95234,91876,187110,6483980,6362593,12846573,0.0145649738650144
DAL193,5p,20,S,84891,82862,167753,6483952,6362554,12846506,0.013058258798151
DAL193,5p,21,S,76633,74056,150689,6484003,6362532,12846535,0.0117299334022754
DAL193,5p,22,S,68033,65629,133662,6484010,6362499,12846509,0.0104045386960768
DAL193,5p,23,S,58466,57123,115589,6483966,6362463,12846429,0.0089977533834499
DAL193,5p,24,S,49382,48237,97619,6483905,6362426,12846331,0.0075989790392291
DAL193,5p,25,S,39931,39006,78937,6483942,6362403,12846345,0.0061447049725038
DAL195,3p,1,S,121364,99656,221020,2363278,2267461,4630739,0.0477288830141366
DAL195,3p,2,S,114519,93048,207567,2363278,2267460,4630738,0.0448237408378534
DAL195,3p,3,S,103513,82753,186266,2363278,2267461,4630739,0.0402238174079774
DAL195,3p,4,S,91316,71291,162607,2363278,2267461,4630739,0.0351146976756841
DAL195,3p,5,S,77431,58144,135575,2363278,2267461,4630739,0.0292771844839452
DAL195,3p,6,S,69334,50780,120114,2363278,2267461,4630739,0.0259384085347932
DAL195,3p,7,S,63521,45637,109158,2363278,2267461,4630739,0.0235724794681799
DAL195,3p,8,S,58686,41468,100154,2363278,2267413,4630691,0.0216283055811756
DAL195,3p,9,S,54978,38607,93585,2363276,2267438,4630714,0.0202096264204612
DAL195,3p,10,S,51689,35220,86909,2363274,2267432,4630706,0.0187679805196011
DAL195,3p,11,S,48764,33002,81766,2363274,2267431,4630705,0.0176573545496852
DAL195,3p,12,S,45649,30873,76522,2363273,2267414,4630687,0.016524977827264
DAL195,3p,13,S,42898,28453,71351,2363269,2267412,4630681,0.0154083168328805
DAL195,3p,14,S,40322,26371,66693,2363250,2267410,4630660,0.0144024825834762
DAL195,3p,15,S,37565,24339,61904,2363254,2267411,4630665,0.0133682743191312
DAL195,3p,16,S,34878,22523,57401,2363259,2267394,4630653,0.0123958759164204
DAL195,3p,17,S,32257,20779,53036,2363234,2267398,4630632,0.0114532962239279
DAL195,3p,18,S,29373,19039,48412,2363236,2267374,4630610,0.0104547780961903
DAL195,3p,19,S,26766,17070,43836,2363215,2267369,4630584,0.0094666245121565
DAL195,3p,20,S,24047,15510,39557,2363222,2267380,4630602,0.0085425177979018
DAL195,3p,21,S,21203,13859,35062,2363235,2267382,4630617,0.0075717771519432
DAL195,3p,22,S,18695,12195,30890,2363231,2267383,4630614,0.0066708216232231
DAL195,3p,23,S,16331,10621,26952,2363219,2267370,4630589,0.0058204258680699
DAL195,3p,24,S,13561,9000,22561,2363198,2267373,4630571,0.0048721853093279
DAL195,3p,25,S,11112,7354,18466,2363180,2267377,4630557,0.0039878571843516
DAL195,5p,1,S,141558,136339,277897,2363278,2267461,4630739,0.0600113718350354
DAL195,5p,2,S,132585,125559,258144,2363264,2267447,4630711,0.0557460830529048
DAL195,5p,3,S,123466,113728,237194,2363278,2267459,4630737,0.0512216521905692
DAL195,5p,4,S,115013,106027,221040,2363278,2267461,4630739,0.0477332019792089
DAL195,5p,5,S,107110,99163,206273,2363277,2267461,4630738,0.0445443037373308
DAL195,5p,6,S,97189,93953,191142,2363277,2267461,4630738,0.0412767900062581
DAL195,5p,7,S,90556,87681,178237,2363277,2267461,4630738,0.0384899771915405
DAL195,5p,8,S,85266,80907,166173,2363212,2267460,4630672,0.0358852883555561
DAL195,5p,9,S,80912,76479,157391,2363181,2267461,4630642,0.0339890235522417
DAL195,5p,10,S,76678,73365,150043,2363146,2267458,4630604,0.0324024684468807
DAL195,5p,11,S,72463,69798,142261,2362948,2267450,4630398,0.0307232769191762
DAL195,5p,12,S,67716,65790,133506,2362864,2267454,4630318,0.028833008877576
DAL195,5p,13,S,63063,61560,124623,2363073,2267445,4630518,0.0269134036408021
DAL195,5p,14,S,59140,57336,116476,2363094,2267434,4630528,0.0251539349292348
DAL195,5p,15,S,55656,53472,109128,2363178,2267432,4630610,0.0235666575246025
DAL195,5p,16,S,52286,49647,101933,2363170,2267429,4630599,0.0220129188470001
DAL195,5p,17,S,48122,46132,94254,2363159,2267431,4630590,0.0203546416331396
DAL195,5p,18,S,44214,42493,86707,2363182,2267420,4630602,0.0187247791971756
DAL195,5p,19,S,40022,38870,78892,2363138,2267420,4630558,0.0170372555532184
DAL195,5p,20,S,36122,35357,71479,2363110,2267401,4630511,0.0154365252560678
DAL195,5p,21,S,32799,31427,64226,2363086,2267400,4630486,0.0138702503365737
DAL195,5p,22,S,28897,27983,56880,2363094,2267388,4630482,0.0122838184016264
DAL195,5p,23,S,25288,24453,49741,2363068,2267398,4630466,0.0107421153724052
DAL195,5p,24,S,21345,20726,42071,2363067,2267402,4630469,0.0090856887282908
DAL195,5p,25,S,17249,16964,34213,2363135,2267374,4630509,0.0073886045788918
DAL212,3p,1,S,215257,180495,395752,4131322,4008153,8139475,0.0486213177139803
DAL212,3p,2,S,203151,168752,371903,4131322,4008153,8139475,0.045691276157246
DAL212,3p,3,S,183252,149254,332506,4131322,4008153,8139475,0.0408510376897772
DAL212,3p,4,S,160642,127715,288357,4131322,4008153,8139475,0.0354269777841937
DAL212,3p,5,S,135444,103636,239080,4131322,4008151,8139473,0.0293729090323169
DAL212,3p,6,S,120218,90189,210407,4131322,4008151,8139473,0.0258501993925159
DAL212,3p,7,S,109881,81090,190971,4131322,4008153,8139475,0.0234623240442411
DAL212,3p,8,S,101248,74180,175428,4131319,4008093,8139412,0.0215529082444776
DAL212,3p,9,S,94866,69600,164466,4131316,4008115,8139431,0.0202060807444648
DAL212,3p,10,S,88252,65046,153298,4131317,4008102,8139419,0.0188340224283821
DAL212,3p,11,S,83096,61245,144341,4131313,4008105,8139418,0.0177335775113159
DAL212,3p,12,S,77542,57061,134603,4131314,4008034,8139348,0.0165373196968602
DAL212,3p,13,S,72220,52416,124636,4131307,4007923,8139230,0.015312996438238
DAL212,3p,14,S,67668,48594,116262,4131271,4007904,8139175,0.0142842487107108
DAL212,3p,15,S,63289,45013,108302,4131254,4007935,8139189,0.0133062397248669
DAL212,3p,16,S,58607,41628,100235,4131236,4007982,8139218,0.0123150651573652
DAL212,3p,17,S,53004,38248,91252,4131249,4007981,8139230,0.0112113799462602
DAL212,3p,18,S,47404,35160,82564,4131222,4007954,8139176,0.0101440244073847
DAL212,3p,19,S,43268,31839,75107,4131233,4007956,8139189,0.0092278235583422
DAL212,3p,20,S,38815,28971,67786,4131221,4007928,8139149,0.0083283891227448
DAL212,3p,21,S,33705,25992,59697,4131228,4007917,8139145,0.0073345541822881
DAL212,3p,22,S,29016,22711,51727,4131183,4007898,8139081,0.0063553858230431
DAL212,3p,23,S,24881,19744,44625,4131172,4007904,8139076,0.0054828091051121
DAL212,3p,24,S,20519,16419,36938,4131124,4007904,8139028,0.0045383797672154
DAL212,3p,25,S,16783,13111,29894,4131071,4007924,8138995,0.0036729350491061
DAL212,5p,1,S,240283,229790,470073,4131322,4008153,8139475,0.0577522506058437
DAL212,5p,2,S,224586,208616,433202,4131307,4008143,8139450,0.0532225150347996
DAL212,5p,3,S,208955,187623,396578,4131321,4008153,8139474,0.0487228044465772
DAL212,5p,4,S,194017,172795,366812,4131322,4008153,8139475,0.0450658058412858
DAL212,5p,5,S,180375,159629,340004,4131322,4008153,8139475,0.0417722273242438
DAL212,5p,6,S,164423,151382,315805,4131322,4008153,8139475,0.0387991854511501
DAL212,5p,7,S,154608,140336,294944,4131322,4008153,8139475,0.0362362437380789
DAL212,5p,8,S,146039,129059,275098,4131248,4008153,8139401,0.0337983102196341
DAL212,5p,9,S,139255,121861,261116,4131243,4008153,8139396,0.0320805130994978
DAL212,5p,10,S,130796,116291,247087,4131179,4008148,8139327,0.0303571781794735
DAL212,5p,11,S,123531,110467,233998,4131234,4008143,8139377,0.0287488833604832
DAL212,5p,12,S,116514,103972,220486,4131187,4008141,8139328,0.0270889685241828
DAL212,5p,13,S,108986,97077,206063,4131181,4008142,8139323,0.0253169704654797
DAL212,5p,14,S,101637,90771,192408,4131134,4008108,8139242,0.0236395477613271
DAL212,5p,15,S,95289,84910,180199,4131156,4008091,8139247,0.0221395173288143
DAL212,5p,16,S,87481,79327,166808,4131154,4008081,8139235,0.020494309354626
DAL212,5p,17,S,80932,73124,154056,4131159,4008081,8139240,0.0189275657186666
DAL212,5p,18,S,74420,67484,141904,4131113,4008066,8139179,0.0174346822941232
DAL212,5p,19,S,67811,61550,129361,4131040,4008052,8139092,0.0158937876608348
DAL212,5p,20,S,61681,55003,116684,4131020,4008040,8139060,0.0143362992778035
DAL212,5p,21,S,55124,48543,103667,4130973,4008040,8139013,0.0127370480917035
DAL212,5p,22,S,48493,42775,91268,4131015,4007967,8138982,0.0112136874120129
DAL212,5p,23,S,40910,36619,77529,4131005,4007962,8138967,0.0095256560199838
DAL212,5p,24,S,34373,31004,65377,4131060,4007918,8138978,0.0080325809948128
DAL212,5p,25,S,28388,25429,53817,4131016,4007614,8138630,0.0066125379824368
DAL218,3p,1,S,430155,351322,781477,6952891,6658031,13610922,0.0574154344577097
DAL218,3p,2,S,401914,325281,727195,6952891,6658031,13610922,0.0534273137411264
DAL218,3p,3,S,361885,284972,646857,6952891,6658030,13610921,0.0475248515511918
DAL218,3p,4,S,315877,240943,556820,6952891,6658031,13610922,0.0409097928854489
DAL218,3p,5,S,268767,193728,462495,6952891,6658031,13610922,0.0339796965995396
DAL218,3p,6,S,241417,170230,411647,6952891,6658030,13610921,0.0302438754879262
DAL218,3p,7,S,220950,152810,373760,6952891,6658026,13610917,0.0274603099849921
DAL218,3p,8,S,203636,139476,343112,6952887,6657945,13610832,0.0252087455050506
DAL218,3p,9,S,188763,128846,317609,6952882,6657945,13610827,0.0233350258584581
DAL218,3p,10,S,174931,118683,293614,6952881,6657960,13610841,0.0215720689118328
DAL218,3p,11,S,163798,111002,274800,6952866,6657905,13610771,0.0201898922551852
DAL218,3p,12,S,152202,104382,256584,6952858,6657882,13610740,0.0188515833819469
DAL218,3p,13,S,142390,97551,239941,6952870,6657811,13610681,0.0176288754398108
DAL218,3p,14,S,133007,90497,223504,6952816,6657779,13610595,0.016421324710639
DAL218,3p,15,S,123720,82722,206442,6952788,6657738,13610526,0.0151678193774436
DAL218,3p,16,S,115481,76422,191903,6952760,6657689,13610449,0.0140996817959495
DAL218,3p,17,S,107339,69612,176951,6952737,6657651,13610388,0.0130011723398333
DAL218,3p,18,S,97001,63193,160194,6952711,6657672,13610383,0.0117699847241624
DAL218,3p,19,S,88095,57097,145192,6952716,6657697,13610413,0.0106677144918379
DAL218,3p,20,S,78784,51120,129904,6952697,6657752,13610449,0.0095444316348417
DAL218,3p,21,S,69823,45193,115016,6952660,6657692,13610352,0.0084506264055477
DAL218,3p,22,S,61217,39504,100721,6952654,6657637,13610291,0.0074003560981907
DAL218,3p,23,S,53151,34131,87282,6952651,6657632,13610283,0.0064129452708661
DAL218,3p,24,S,43996,28747,72743,6952669,6657588,13610257,0.0053447190600442
DAL218,3p,25,S,34744,23461,58205,6952605,6657566,13610171,0.0042765810951236
DAL218,5p,1,S,445809,478898,924707,6952891,6658031,13610922,0.0679386010734614
DAL218,5p,2,S,406150,436242,842392,6952874,6658014,13610888,0.0618910389976025
DAL218,5p,3,S,372381,393747,766128,6952891,6658031,13610922,0.0562877371569685
DAL218,5p,4,S,338478,361520,699998,6952891,6658031,13610922,0.0514291390399562
DAL218,5p,5,S,306015,330932,636947,6952891,6658031,13610922,0.0467967563108509
DAL218,5p,6,S,278860,311977,590837,6952891,6658031,13610922,0.0434090357728888
DAL218,5p,7,S,260685,289607,550292,6952888,6658031,13610919,0.0404301869697409
DAL218,5p,8,S,246112,264755,510867,6952719,6658029,13610748,0.0375340870318075
DAL218,5p,9,S,233450,245713,479163,6952736,6658029,13610765,0.0352047074503159
DAL218,5p,10,S,220645,233787,454432,6952716,6658028,13610744,0.033387741331407
DAL218,5p,11,S,209397,220801,430198,6952715,6658016,13610731,0.0316072663547608
DAL218,5p,12,S,197645,206621,404266,6952625,6658005,13610630,0.0297022253929465
DAL218,5p,13,S,180914,192471,373385,6952475,6658005,13610480,0.0274336393720133
DAL218,5p,14,S,167840,178621,346461,6952554,6657955,13610509,0.0254554036149566
DAL218,5p,15,S,155921,165435,321356,6952449,6657923,13610372,0.0236111107029256
DAL218,5p,16,S,145510,153198,298708,6952253,6657920,13610173,0.0219474065465589
DAL218,5p,17,S,135060,141585,276645,6952350,6657874,13610224,0.0203262635501076
DAL218,5p,18,S,124975,129908,254883,6952457,6657843,13610300,0.0187272139482597
DAL218,5p,19,S,113749,117702,231451,6952296,6657770,13610066,0.0170058690384014
DAL218,5p,20,S,102593,104479,207072,6952289,6657772,13610061,0.0152146268852138
DAL218,5p,21,S,91480,93895,185375,6952371,6657729,13610100,0.0136203995562119
DAL218,5p,22,S,80723,82830,163553,6952322,6657786,13610108,0.0120170244056843
DAL218,5p,23,S,69324,71637,140961,6952288,6657745,13610033,0.010357138737283
DAL218,5p,24,S,59009,60994,120003,6952375,6657772,13610147,0.0088171714824241
DAL218,5p,25,S,48617,49986,98603,6952272,6657720,13609992,0.0072448977192639
DAL224,3p,1,S,226574,241295,467869,4609472,4586477,9195949,0.0508777288782267
DAL224,3p,2,S,215727,227897,443624,4609471,4586476,9195947,0.0482412523691143
DAL224,3p,3,S,195308,207518,402826,4609472,4586477,9195949,0.0438047231449413
DAL224,3p,4,S,174846,185257,360103,4609472,4586477,9195949,0.0391588731081479
DAL224,3p,5,S,150400,159857,310257,4609472,4586477,9195949,0.033738442873052
DAL224,3p,6,S,134732,144623,279355,4609472,4586477,9195949,0.0303780501610002
DAL224,3p,7,S,122200,132831,255031,4609472,4586476,9195948,0.0277329754365727
DAL224,3p,8,S,113125,123845,236970,4609469,4586423,9195892,0.0257691151657718
DAL224,3p,9,S,106308,115712,222020,4609466,4586431,9195897,0.0241433761165441
DAL224,3p,10,S,99256,108231,207487,4609461,4586371,9195832,0.0225631568736792
DAL224,3p,11,S,93510,102245,195755,4609461,4586382,9195843,0.0212873360278116
DAL224,3p,12,S,87284,95031,182315,4609458,4586384,9195842,0.0198258082294149
DAL224,3p,13,S,81994,88248,170242,4609454,4586364,9195818,0.0185129805744306
DAL224,3p,14,S,76596,82539,159135,4609412,4586293,9195705,0.0173053615791285
DAL224,3p,15,S,71397,77594,148991,4609400,4586272,9195672,0.0162022960366572
DAL224,3p,16,S,66511,72414,138925,4609379,4586240,9195619,0.015107737717276
DAL224,3p,17,S,61536,67080,128616,4609381,4586216,9195597,0.0139866938492411
DAL224,3p,18,S,56279,62160,118439,4609363,4586282,9195645,0.012879901301105
DAL224,3p,19,S,51296,57651,108947,4609353,4586195,9195548,0.0118477985216324
DAL224,3p,20,S,45997,51489,97486,4609344,4586225,9195569,0.0106014103096828
DAL224,3p,21,S,40915,46215,87130,4609343,4586223,9195566,0.009475218817417
DAL224,3p,22,S,36375,40021,76396,4609324,4586172,9195496,0.0083079803416803
DAL224,3p,23,S,31476,33316,64792,4609323,4586083,9195406,0.0070461271639338
DAL224,3p,24,S,26121,28708,54829,4609325,4586202,9195527,0.0059625728900583
DAL224,3p,25,S,21700,21917,43617,4609265,4586173,9195438,0.0047433303340199
DAL224,5p,1,S,263627,265087,528714,4609472,4586477,9195949,0.0574942292524675
DAL224,5p,2,S,248559,246059,494618,4609461,4586469,9195930,0.0537866208202976
DAL224,5p,3,S,232509,226010,458519,4609468,4586477,9195945,0.0498609985161938
DAL224,5p,4,S,215290,212983,428273,4609471,4586477,9195948,0.0465719249391144
DAL224,5p,5,S,202296,200199,402495,4609471,4586477,9195948,0.0437687337944929
DAL224,5p,6,S,184888,189738,374626,4609472,4586477,9195949,0.0407381554638895
DAL224,5p,7,S,174290,177366,351656,4609471,4586477,9195948,0.0382403206281723
DAL224,5p,8,S,164449,161656,326105,4609397,4586477,9195874,0.035462099632944
DAL224,5p,9,S,157475,153677,311152,4609357,4586473,9195830,0.0338362061934594
DAL224,5p,10,S,149226,147768,296994,4609338,4586470,9195808,0.0322966725708061
DAL224,5p,11,S,141564,140919,282483,4609388,4586469,9195857,0.0307185072582142
DAL224,5p,12,S,132376,133651,266027,4609357,4586464,9195821,0.0289291189987277
DAL224,5p,13,S,124305,125393,249698,4609320,4586461,9195781,0.0271535392154293
DAL224,5p,14,S,115774,115477,231251,4609270,4586428,9195698,0.0251477375616293
DAL224,5p,15,S,108180,108208,216388,4609299,4586416,9195715,0.023531394785506
DAL224,5p,16,S,101661,98472,200133,4609292,4586373,9195665,0.0217638419842393
DAL224,5p,17,S,95419,91258,186677,4609285,4586385,9195670,0.0203005327507402
DAL224,5p,18,S,88867,84224,173091,4609226,4586351,9195577,0.0188232886310451
DAL224,5p,19,S,81016,77059,158075,4609203,4586337,9195540,0.0171903988237776
DAL224,5p,20,S,73310,70133,143443,4609148,4586313,9195461,0.0155993266677983
DAL224,5p,21,S,66358,62222,128580,4609195,4586347,9195542,0.0139828625653604
DAL224,5p,22,S,58953,54984,113937,4609138,4586312,9195450,0.012390584473843
DAL224,5p,23,S,52069,47292,99361,4609100,4586313,9195413,0.0108054961751038
DAL224,5p,24,S,45046,40996,86042,4609109,4586316,9195425,0.0093570443997966
DAL224,5p,25,S,37977,33985,71962,4609125,4586257,9195382,0.0078258847756406
DAL227,3p,1,S,154470,154493,308963,3765386,3771243,7536629,0.0409948532692799
DAL227,3p,2,S,147541,146474,294015,3765386,3771243,7536629,0.0390114731665841
DAL227,3p,3,S,133502,131691,265193,3765386,3771243,7536629,0.0351872169905139
DAL227,3p,4,S,117815,115396,233211,3765386,3771243,7536629,0.030943675216068
DAL227,3p,5,S,99668,96445,196113,3765386,3771243,7536629,0.0260213153652647
DAL227,3p,6,S,88124,84839,172963,3765386,3771243,7536629,0.0229496503012155
DAL227,3p,7,S,79923,76784,156707,3765386,3771243,7536629,0.0207927178052681
DAL227,3p,8,S,73832,70567,144399,3765386,3771207,7536593,0.0191597184563369
DAL227,3p,9,S,69300,66212,135512,3765384,3771218,7536602,0.0179805169491502
DAL227,3p,10,S,65131,62102,127233,3765382,3771209,7536591,0.0168820359231381
DAL227,3p,11,S,61221,58471,119692,3765378,3771214,7536592,0.0158814488033848
DAL227,3p,12,S,57589,54915,112504,3765377,3771173,7536550,0.0149277852598337
DAL227,3p,13,S,54212,51319,105531,3765373,3771183,7536556,0.0140025497057276
DAL227,3p,14,S,50915,48187,99102,3765341,3771166,7536507,0.013149593040914
DAL227,3p,15,S,47524,44504,92028,3765341,3771186,7536527,0.0122109295170043
DAL227,3p,16,S,44280,41071,85351,3765340,3771079,7536419,0.0113251399636883
DAL227,3p,17,S,41200,38012,79212,3765328,3771049,7536377,0.0105106206868366
DAL227,3p,18,S,37578,35022,72600,3765321,3771036,7536357,0.0096333016071292
DAL227,3p,19,S,34468,32092,66560,3765313,3771111,7536424,0.0088317748576778
DAL227,3p,20,S,31303,29048,60351,3765308,3771082,7536390,0.0080079454486829
DAL227,3p,21,S,27850,25904,53754,3765307,3771104,7536411,0.0071325727856402
DAL227,3p,22,S,24882,22794,47676,3765309,3771137,7536446,0.0063260587284775
DAL227,3p,23,S,21826,20102,41928,3765319,3771112,7536431,0.0055633760861076
DAL227,3p,24,S,17901,17040,34941,3765312,3771081,7536393,0.0046363028042725
DAL227,3p,25,S,14908,14064,28972,3765249,3771100,7536349,0.003844301796533
DAL227,5p,1,S,189375,167129,356504,3765386,3771243,7536629,0.0473028458744619
DAL227,5p,2,S,180156,154155,334311,3765373,3771238,7536611,0.0443582666002
DAL227,5p,3,S,170150,141492,311642,3765386,3771243,7536629,0.0413503172306876
DAL227,5p,4,S,160659,133273,293932,3765385,3771243,7536628,0.03900046546015
DAL227,5p,5,S,153177,125792,278969,3765386,3771242,7536628,0.0370150948142856
DAL227,5p,6,S,139945,119730,259675,3765386,3771243,7536629,0.0344550594171479
DAL227,5p,7,S,132162,111456,243618,3765386,3771243,7536629,0.0323245312990728
DAL227,5p,8,S,126011,101947,227958,3765342,3771242,7536584,0.0302468598505635
DAL227,5p,9,S,120253,96116,216369,3765324,3771243,7536567,0.0287092253011218
DAL227,5p,10,S,114380,91972,206352,3765318,3771238,7536556,0.0273801455200492
DAL227,5p,11,S,109090,87391,196481,3765365,3771237,7536602,0.0260702369582472
DAL227,5p,12,S,102537,82431,184968,3765326,3771232,7536558,0.0245427687281116
DAL227,5p,13,S,96044,77297,173341,3765325,3771231,7536556,0.0230000281295594
DAL227,5p,14,S,89383,72225,161608,3765297,3771226,7536523,0.0214433101312103
DAL227,5p,15,S,84060,67290,151350,3765318,3771201,7536519,0.0200822156754331
DAL227,5p,16,S,77946,62978,140924,3765316,3771188,7536504,0.0186988555967063
DAL227,5p,17,S,72671,58700,131371,3765326,3771175,7536501,0.0174312986888743
DAL227,5p,18,S,67072,54112,121184,3765280,3771169,7536449,0.0160797213647966
DAL227,5p,19,S,61135,49287,110422,3765279,3771164,7536443,0.0146517395540575
DAL227,5p,20,S,55142,44766,99908,3765254,3771167,7536421,0.0132566904104746
DAL227,5p,21,S,49869,40270,90139,3765270,3771169,7536439,0.0119604232184457
DAL227,5p,22,S,43790,35959,79749,3765253,3771158,7536411,0.0105818273446074
DAL227,5p,23,S,38330,31315,69645,3765254,3771157,7536411,0.0092411361323048
DAL227,5p,24,S,32601,26457,59058,3765270,3771180,7536450,0.0078363155066377
DAL227,5p,25,S,26680,21733,48413,3765247,3771148,7536395,0.006423893652071
WA02,3p,1,S,309586,404259,713845,6552698,6754258,13306956,0.0536444999141802
WA02,3p,2,S,293679,383881,677560,6552698,6754258,13306956,0.0509177305463398
WA02,3p,3,S,267336,340987,608323,6552698,6754258,13306956,0.0457146623164606
WA02,3p,4,S,237465,290309,527774,6552698,6754256,13306954,0.0396615183309418
WA02,3p,5,S,202130,232736,434866,6552698,6754256,13306954,0.0326796049644419
WA02,3p,6,S,179610,195832,375442,6552698,6754257,13306955,0.0282139678085632
WA02,3p,7,S,161341,170612,331953,6552698,6754257,13306955,0.0249458272008885
WA02,3p,8,S,145412,151318,296730,6552692,6754207,13306899,0.0222989593593518
WA02,3p,9,S,134997,140383,275380,6552688,6754191,13306879,0.0206945595582555
WA02,3p,10,S,125292,130940,256232,6552680,6754207,13306887,0.0192555929873004
WA02,3p,11,S,117390,122310,239700,6552667,6754202,13306869,0.0180132531551937
WA02,3p,12,S,110156,115104,225260,6552670,6754189,13306859,0.0169281120360559
WA02,3p,13,S,103000,107716,210716,6552675,6754177,13306852,0.0158351501917959
WA02,3p,14,S,96105,99474,195579,6552653,6754155,13306808,0.0146976645338235
WA02,3p,15,S,89679,92546,182225,6552632,6754146,13306778,0.0136941489517597
WA02,3p,16,S,83300,85171,168471,6552629,6754119,13306748,0.0126605689083463
WA02,3p,17,S,77149,77405,154554,6552608,6754116,13306724,0.0116147295156944
WA02,3p,18,S,70817,70808,141625,6552611,6754085,13306696,0.0106431378608183
WA02,3p,19,S,64013,64338,128351,6552605,6754056,13306661,0.0096456203400687
WA02,3p,20,S,57701,57489,115190,6552618,6754033,13306651,0.0086565733181098
WA02,3p,21,S,51593,51626,103219,6552597,6754089,13306686,0.0077569276076703
WA02,3p,22,S,45331,45957,91288,6552593,6754062,13306655,0.006860326656098
WA02,3p,23,S,39586,39919,79505,6552585,6754052,13306637,0.0059748379699543
WA02,3p,24,S,34378,34457,68835,6552556,6754026,13306582,0.005173003856287
WA02,3p,25,S,27467,28489,55956,6552517,6754038,13306555,0.0042051455091118
WA02,5p,1,S,342516,295339,637855,6552698,6754258,13306956,0.0479339527387029
WA02,5p,2,S,316733,270632,587365,6552562,6754179,13306741,0.0441404097366891
WA02,5p,3,S,294878,246785,541663,6552698,6754258,13306956,0.0407052522004281
WA02,5p,4,S,275354,229283,504637,6552698,6754258,13306956,0.0379227976706318
WA02,5p,5,S,257603,213335,470938,6552698,6754258,13306956,0.0353903627546375
WA02,5p,6,S,239236,203831,443067,6552697,6754258,13306955,0.0332958967697719
WA02,5p,7,S,225517,191501,417018,6552685,6754258,13306943,0.0313383772666644
WA02,5p,8,S,211891,176349,388240,6552655,6754257,13306912,0.0291758147945969
WA02,5p,9,S,199539,166170,365709,6552662,6754226,13306888,0.0274826841557545
WA02,5p,10,S,186749,157431,344180,6552618,6754222,13306840,0.0258648935434708
WA02,5p,11,S,176445,149665,326110,6552625,6754225,13306850,0.0245069268835223
WA02,5p,12,S,166402,140489,306891,6552628,6754236,13306864,0.0230626088911707
WA02,5p,13,S,154846,131327,286173,6552614,6754205,13306819,0.0215057407784685
WA02,5p,14,S,144500,123088,267588,6552607,6754183,13306790,0.0201091322550367
WA02,5p,15,S,135314,114717,250031,6552586,6754168,13306754,0.018789781489911
WA02,5p,16,S,125364,106871,232235,6552525,6754178,13306703,0.017452482406799
WA02,5p,17,S,116046,97660,213706,6552567,6754148,13306715,0.0160600118060693
WA02,5p,18,S,106843,88557,195400,6552548,6754087,13306635,0.0146844036828243
WA02,5p,19,S,97296,80600,177896,6552516,6754124,13306640,0.0133689646672638
WA02,5p,20,S,87847,72217,160064,6552507,6754132,13306639,0.0120288827253824
WA02,5p,21,S,78337,65435,143772,6552521,6754152,13306673,0.0108045038756118
WA02,5p,22,S,69174,57750,126924,6552516,6754117,13306633,0.0095384008862347
WA02,5p,23,S,59874,49517,109391,6552465,6754131,13306596,0.0082208101906753
WA02,5p,24,S,50851,42021,92872,6552457,6754135,13306592,0.0069793978803889
WA02,5p,25,S,40648,34994,75642,6552470,6754083,13306553,0.005684567596131
WA03,3p,1,S,354933,440782,795715,5399458,5543742,10943200,0.0727131917537831
WA03,3p,2,S,322004,400528,722532,5399458,5543742,10943200,0.066025659770451
WA03,3p,3,S,282088,345047,627135,5399458,5543742,10943200,0.0573081913882593
WA03,3p,4,S,240747,285206,525953,5399458,5543736,10943194,0.0480621105684501
WA03,3p,5,S,194001,219285,413286,5399458,5543740,10943198,0.0377664737492641
WA03,3p,6,S,173377,187273,360650,5399458,5543741,10943199,0.0329565422323033
WA03,3p,7,S,156432,164795,321227,5399458,5543739,10943197,0.0293540361194265
WA03,3p,8,S,139990,145622,285612,5399449,5543673,10943122,0.0260996816082284
WA03,3p,9,S,127468,133047,260515,5399436,5543670,10943106,0.0238063123943056
WA03,3p,10,S,114863,119502,234365,5399438,5543654,10943092,0.0214167074534327
WA03,3p,11,S,106110,109201,215311,5399404,5543644,10943048,0.0196755967807141
WA03,3p,12,S,98354,100792,199146,5399397,5543595,10942992,0.0181984963527342
WA03,3p,13,S,89960,92241,182201,5399378,5543551,10942929,0.0166501125978245
WA03,3p,14,S,82766,83962,166728,5399356,5543493,10942849,0.0152362515465579
WA03,3p,15,S,76428,76554,152982,5399349,5543505,10942854,0.0139800823441489
WA03,3p,16,S,70037,70478,140515,5399342,5543495,10942837,0.0128408199811438
WA03,3p,17,S,64403,64075,128478,5399346,5543438,10942784,0.0117408878764307
WA03,3p,18,S,59399,58418,117817,5399325,5543443,10942768,0.0107666542871054
WA03,3p,19,S,53585,52393,105978,5399297,5543425,10942722,0.0096847932351749
WA03,3p,20,S,48050,46242,94292,5399252,5543409,10942661,0.0086169168541363
WA03,3p,21,S,42854,41128,83982,5399248,5543303,10942551,0.0076748100145934
WA03,3p,22,S,36936,36157,73093,5399256,5543263,10942519,0.0066797233799639
WA03,3p,23,S,31734,30744,62478,5399255,5543267,10942522,0.0057096526742189
WA03,3p,24,S,26519,25636,52155,5399198,5543130,10942328,0.0047663531928489
WA03,3p,25,S,21038,20957,41995,5399050,5543142,10942192,0.0038378964653517
WA03,5p,1,S,412266,373415,785681,5399457,5543742,10943199,0.0717962818733352
WA03,5p,2,S,366460,329533,695993,5399258,5543638,10942896,0.0636022676264126
WA03,5p,3,S,324790,284808,609598,5399457,5543742,10943199,0.055705648777839
WA03,5p,4,S,286948,250551,537499,5399458,5543742,10943200,0.0491171686526792
WA03,5p,5,S,250441,216519,466960,5399456,5543740,10943196,0.0426712634956003
WA03,5p,6,S,231889,203876,435765,5399452,5543742,10943194,0.0398206410303975
WA03,5p,7,S,214975,188749,403724,5399453,5543742,10943195,0.0368926990700613
WA03,5p,8,S,198132,170273,368405,5399403,5543732,10943135,0.0336653984438645
WA03,5p,9,S,182475,156280,338755,5399319,5543732,10943051,0.0309561748364327
WA03,5p,10,S,166117,144549,310666,5399344,5543717,10943061,0.0283893144706037
WA03,5p,11,S,155193,136036,291229,5399321,5543705,10943026,0.0266132055246875
WA03,5p,12,S,145192,127316,272508,5399213,5543665,10942878,0.0249027723785278
WA03,5p,13,S,134479,117998,252477,5399156,5543662,10942818,0.0230723932354536
WA03,5p,14,S,123900,109209,233109,5399124,5543629,10942753,0.0213025917700966
WA03,5p,15,S,114259,98566,212825,5399092,5543505,10942597,0.0194492221544849
WA03,5p,16,S,105363,90349,195712,5399083,5543501,10942584,0.0178853550495934
WA03,5p,17,S,96624,82687,179311,5399113,5543491,10942604,0.0163865017869603
WA03,5p,18,S,88352,75353,163705,5399074,5543600,10942674,0.0149602373240763
WA03,5p,19,S,80146,66903,147049,5399071,5543546,10942617,0.0134381930757514
WA03,5p,20,S,71609,58781,130390,5399050,5543533,10942583,0.0119158337661226
WA03,5p,21,S,63498,52124,115622,5399034,5543509,10942543,0.0105662824445834
WA03,5p,22,S,56014,46464,102478,5398989,5543454,10942443,0.009365184721547
WA03,5p,23,S,48537,39737,88274,5398935,5543457,10942392,0.0080671575282625
WA03,5p,24,S,39934,32872,72806,5398952,5543428,10942380,0.0066535799341642
WA03,5p,25,S,31969,26561,58530,5398991,5543444,10942435,0.0053489008616455
WA07,3p,1,S,286374,416871,703245,5691729,6013979,11705708,0.0600771008468688
WA07,3p,2,S,272743,399357,672100,5691729,6013979,11705708,0.0574164330769228
WA07,3p,3,S,248449,358210,606659,5691729,6013979,11705708,0.0518259126231407
WA07,3p,4,S,219850,311695,531545,5691729,6013979,11705708,0.0454090431779094
WA07,3p,5,S,187341,259406,446747,5691729,6013979,11705708,0.0381648850287398
WA07,3p,6,S,165629,227795,393424,5691729,6013979,11705708,0.0336095860241858
WA07,3p,7,S,150473,205513,355986,5691729,6013979,11705708,0.0304113172821327
WA07,3p,8,S,138558,189253,327811,5691713,6013800,11705513,0.0280048384039212
WA07,3p,9,S,130343,171659,302002,5691720,6013901,11705621,0.0257997418505178
WA07,3p,10,S,121541,161562,283103,5691718,6013892,11705610,0.0241852410938003
WA07,3p,11,S,113451,151737,265188,5691711,6013883,11705594,0.0226548093159561
WA07,3p,12,S,106931,142837,249768,5691705,6013884,11705589,0.0213374995482927
WA07,3p,13,S,99833,133616,233449,5691711,6013848,11705559,0.019943430296665
WA07,3p,14,S,93525,123664,217189,5691695,6013877,11705572,0.0185543260935903
WA07,3p,15,S,87868,116064,203932,5691211,6013856,11705067,0.0174225401699964
WA07,3p,16,S,81972,107904,189876,5691636,6013850,11705486,0.0162211120495125
WA07,3p,17,S,75980,98679,174659,5691662,6013813,11705475,0.0149211373310352
WA07,3p,18,S,70144,90849,160993,5691639,6013769,11705408,0.013753728191277
WA07,3p,19,S,63517,82780,146297,5691628,6013742,11705370,0.0124982807036428
WA07,3p,20,S,57461,74215,131676,5691604,6013772,11705376,0.0112491901157211
WA07,3p,21,S,51233,67550,118783,5691611,6013735,11705346,0.0101477564183066
WA07,3p,22,S,44801,59416,104217,5691577,6013736,11705313,0.0089033928439162
WA07,3p,23,S,38817,51855,90672,5691568,6013670,11705238,0.0077462756417255
WA07,3p,24,S,33264,44650,77914,5691554,6013661,11705215,0.0066563493280559
WA07,3p,25,S,26658,36591,63249,5691455,6013662,11705117,0.0054035341979067
WA07,5p,1,S,373305,273395,646700,5691729,6013979,11705708,0.0552465515114506
WA07,5p,2,S,349535,251581,601116,5691636,6013923,11705559,0.0513530366213181
WA07,5p,3,S,330166,232023,562189,5691729,6013979,11705708,0.0480269113154027
WA07,5p,4,S,312501,219837,532338,5691728,6013979,11705707,0.0454767917905343
WA07,5p,5,S,297527,208581,506108,5691729,6013978,11705707,0.043236004454921
WA07,5p,6,S,278192,201167,479359,5691728,6013979,11705707,0.0409508797717216
WA07,5p,7,S,261999,191411,453410,5691728,6013979,11705707,0.0387340978208321
WA07,5p,8,S,248235,178733,426968,5691579,6013975,11705554,0.0364756764182199
WA07,5p,9,S,235809,170287,406096,5691672,6013971,11705643,0.0346923274526653
WA07,5p,10,S,223273,164724,387997,5691582,6013961,11705543,0.033146433275244
WA07,5p,11,S,209786,157679,367465,5691326,6013942,11705268,0.0313931299992447
WA07,5p,12,S,198383,150505,348888,5691520,6013938,11705458,0.0298055830023908
WA07,5p,13,S,185685,142382,328067,5691511,6013949,11705460,0.0280268353400891
WA07,5p,14,S,174055,134968,309023,5691556,6013950,11705506,0.0263997985221655
WA07,5p,15,S,163668,128014,291682,5691563,6013633,11705196,0.0249190188699104
WA07,5p,16,S,152607,120066,272673,5691534,6013925,11705459,0.0232945158323137
WA07,5p,17,S,141926,111900,253826,5691561,6013916,11705477,0.0216843790304316
WA07,5p,18,S,131243,103276,234519,5691474,6013905,11705379,0.0200351479435223
WA07,5p,19,S,120275,95949,216224,5691482,6013884,11705366,0.018472211804398
WA07,5p,20,S,109223,87999,197222,5691421,6013876,11705297,0.0168489530850861
WA07,5p,21,S,96697,78888,175585,5691379,6013853,11705232,0.0150005570158711
WA07,5p,22,S,84595,68954,153549,5691396,6013861,11705257,0.0131179520449657
WA07,5p,23,S,73671,56989,130660,5691314,6013795,11705109,0.0111626470116596
WA07,5p,24,S,62833,40806,103639,5691332,6013785,11705117,0.0088541618165798
WA07,5p,25,S,52843,32596,85439,5691334,6013719,11705053,0.0072993261969851
WA08,3p,1,S,358630,530686,889316,6798117,7189085,13987202,0.0635806932651719
WA08,3p,2,S,340725,505396,846121,6798117,7189085,13987202,0.060492513084461
WA08,3p,3,S,305200,441522,746722,6798117,7189085,13987202,0.0533860882255078
WA08,3p,4,S,262845,367213,630058,6798117,7189081,13987198,0.0450453335971936
WA08,3p,5,S,214285,287305,501590,6798117,7189085,13987202,0.0358606388897507
WA08,3p,6,S,185163,237641,422804,6798117,7189085,13987202,0.0302279183499316
WA08,3p,7,S,164496,205930,370426,6798117,7189084,13987201,0.0264832113301295
WA08,3p,8,S,147121,182160,329281,6798110,7189053,13987163,0.0235416574469032
WA08,3p,9,S,136003,168400,304403,6798103,7189051,13987154,0.0217630405727998
WA08,3p,10,S,125758,156449,282207,6798074,7189042,13987116,0.0201762107356512
WA08,3p,11,S,118020,144838,262858,6798109,7189046,13987155,0.0187928138352652
WA08,3p,12,S,111107,135837,246944,6798091,7189018,13987109,0.017655113719354
WA08,3p,13,S,103715,126113,229828,6798090,7189013,13987103,0.0164314225754968
WA08,3p,14,S,96716,116140,212856,6798067,7188981,13987048,0.0152180788969909
WA08,3p,15,S,89966,107746,197712,6798069,7188978,13987047,0.0141353639549506
WA08,3p,16,S,83754,98426,182180,6798049,7188961,13987010,0.0130249424287249
WA08,3p,17,S,77808,89546,167354,6798000,7188943,13986943,0.0119650162297794
WA08,3p,18,S,71089,81883,152972,6798023,7188956,13986979,0.0109367433811118
WA08,3p,19,S,63925,74705,138630,6798028,7188946,13986974,0.0099113646740174
WA08,3p,20,S,57656,67386,125042,6798009,7188917,13986926,0.0089399200367543
WA08,3p,21,S,51793,60788,112581,6798010,7188926,13986936,0.0080490108770069
WA08,3p,22,S,45402,54488,99890,6798012,7188920,13986932,0.0071416662353116
WA08,3p,23,S,39880,47492,87372,6798009,7188864,13986873,0.0062467143299292
WA08,3p,24,S,34546,41241,75787,6798015,7188867,13986882,0.0054184342157172
WA08,3p,25,S,27594,33595,61189,6797966,7188892,13986858,0.0043747494969921
WA08,5p,1,S,395081,325092,720173,6798116,7189085,13987201,0.0514879996362388
WA08,5p,2,S,361570,294295,655865,6797941,7188997,13986938,0.0468912495358169
WA08,5p,3,S,336062,259280,595342,6798117,7189084,13987201,0.0425633405854395
WA08,5p,4,S,313430,232530,545960,6798115,7189085,13987200,0.0390328300160146
WA08,5p,5,S,293210,214734,507944,6798116,7189084,13987200,0.0363149164950812
WA08,5p,6,S,273295,204573,477868,6798112,7189085,13987197,0.0341646721641226
WA08,5p,7,S,257440,192952,450392,6798110,7189085,13987195,0.0322003089254135
WA08,5p,8,S,241588,178239,419827,6798069,7189064,13987133,0.0300152289965356
WA08,5p,9,S,225517,167852,393369,6798054,7189067,13987121,0.0281236574703257
WA08,5p,10,S,210825,158422,369247,6798015,7189037,13987052,0.026399201204085
WA08,5p,11,S,198823,150374,349197,6797997,7189047,13987044,0.0249657468726058
WA08,5p,12,S,187491,141790,329281,6798016,7189056,13987072,0.023541810609111
WA08,5p,13,S,174922,132717,307639,6797995,7189043,13987038,0.0219945781229735
WA08,5p,14,S,162755,124841,287596,6797984,7189041,13987025,0.0205616276513411
WA08,5p,15,S,152281,117085,269366,6797997,7189013,13987010,0.019258297520342
WA08,5p,16,S,141048,109073,250121,6797921,7188997,13986918,0.01788249562913
WA08,5p,17,S,130467,99645,230112,6797959,7188875,13986834,0.0164520434002434
WA08,5p,18,S,119793,89414,209207,6797991,7188972,13986963,0.0149572855808655
WA08,5p,19,S,109124,81533,190657,6797966,7188988,13986954,0.0136310593428705
WA08,5p,20,S,98371,70713,169084,6797883,7188971,13986854,0.0120887799357882
WA08,5p,21,S,87087,63329,150416,6797885,7188979,13986864,0.0107540904094012
WA08,5p,22,S,77342,55304,132646,6797887,7188939,13986826,0.0094836383894387
WA08,5p,23,S,66527,47125,113652,6797851,7188919,13986770,0.0081256787664342
WA08,5p,24,S,56549,40009,96558,6797841,7188876,13986717,0.0069035499896079
WA08,5p,25,S,45845,32779,78624,6797835,7188817,13986652,0.0056213595648193
WA09,3p,1,S,325437,387807,713244,4741672,4881751,9623423,0.0741154161050594
WA09,3p,2,S,295335,354706,650041,4741672,4881751,9623423,0.06754779458411
WA09,3p,3,S,257917,303468,561385,4741672,4881751,9623423,0.0583352721791404
WA09,3p,4,S,218527,246420,464947,4741672,4881748,9623420,0.0483141128621633
WA09,3p,5,S,173237,183388,356625,4741672,4881751,9623423,0.0370580197919181
WA09,3p,6,S,152659,153115,305774,4741672,4881751,9623423,0.0317739332459978
WA09,3p,7,S,136675,132920,269595,4741672,4881748,9623420,0.0280144688686558
WA09,3p,8,S,122287,116991,239278,4741663,4881718,9623381,0.0248642343060094
WA09,3p,9,S,111811,106442,218253,4741664,4881723,9623387,0.0226794370838458
WA09,3p,10,S,100393,95852,196245,4741658,4881705,9623363,0.0203925592331911
WA09,3p,11,S,93243,88784,182027,4741648,4881712,9623360,0.0189151190436604
WA09,3p,12,S,86493,82880,169373,4741642,4881680,9623322,0.0176002631939365
WA09,3p,13,S,79447,76887,156334,4741628,4881645,9623273,0.0162454083969144
WA09,3p,14,S,73200,70380,143580,4741616,4881571,9623187,0.0149202130229829
WA09,3p,15,S,67413,64702,132115,4741598,4881557,9623155,0.0137288654292692
WA09,3p,16,S,61663,59867,121530,4741586,4881546,9623132,0.0126289445058012
WA09,3p,17,S,56331,54791,111122,4741582,4881528,9623110,0.0115474103486294
WA09,3p,18,S,51122,49665,100787,4741560,4881490,9623050,0.0104734985269742
WA09,3p,19,S,45551,44666,90217,4741552,4881442,9622994,0.0093751487322968
WA09,3p,20,S,40158,39550,79708,4741534,4881501,9623035,0.0082830416807171
WA09,3p,21,S,35663,34667,70330,4741546,4881493,9623039,0.0073085020231134
WA09,3p,22,S,30707,30748,61455,4741524,4881498,9623022,0.0063862474802613
WA09,3p,23,S,26226,26512,52738,4741501,4881486,9622987,0.0054804189177435
WA09,3p,24,S,22077,22508,44585,4741491,4881450,9622941,0.0046331989357515
WA09,3p,25,S,17708,18011,35719,4741451,4881469,9622920,0.0037118670840036
WA09,5p,1,S,338144,329789,667933,4741672,4881751,9623423,0.0694070082963203
WA09,5p,2,S,299383,291949,591332,4741495,4881667,9623162,0.0614488252406017
WA09,5p,3,S,264180,255044,519224,4741672,4881750,9623422,0.0539541963347341
WA09,5p,4,S,230300,223314,453614,4741672,4881751,9623423,0.0471364503046369
WA09,5p,5,S,198473,191486,389959,4741671,4881751,9623422,0.0405218642599275
WA09,5p,6,S,183752,179922,363674,4741669,4881751,9623420,0.037790515222239
WA09,5p,7,S,170904,164368,335272,4741667,4881751,9623418,0.0348391808399053
WA09,5p,8,S,158194,143735,301929,4741639,4881744,9623383,0.0313745176722156
WA09,5p,9,S,145969,131337,277306,4741618,4881747,9623365,0.0288159079490386
WA09,5p,10,S,133011,120850,253861,4741622,4881737,9623359,0.0263796663929923
WA09,5p,11,S,123748,107700,231448,4741614,4881733,9623347,0.0240506759238755
WA09,5p,12,S,115878,98699,214577,4741580,4881734,9623314,0.0222976201337709
WA09,5p,13,S,106938,90371,197309,4741530,4881708,9623238,0.0205033898153615
WA09,5p,14,S,98740,82356,181096,4741498,4881705,9623203,0.0188186823035947
WA09,5p,15,S,91013,74917,165930,4741496,4881672,9623168,0.0172427624665806
WA09,5p,16,S,84132,68720,152852,4741451,4881636,9623087,0.0158838842462922
WA09,5p,17,S,76205,62954,139159,4741476,4881638,9623114,0.0144609115095176
WA09,5p,18,S,69377,57338,126715,4741455,4881610,9623065,0.0131678420544805
WA09,5p,19,S,62614,51138,113752,4741379,4881580,9622959,0.011820896254468
WA09,5p,20,S,55862,44528,100390,4741390,4881557,9622947,0.0104323550779194
WA09,5p,21,S,49864,39059,88923,4741379,4881587,9622966,0.009240706035956
WA09,5p,22,S,43271,33958,77229,4741354,4881580,9622934,0.0080255148793496
WA09,5p,23,S,36934,29243,66177,4741312,4881565,9622877,0.0068770493481315
WA09,5p,24,S,31336,24421,55757,4741363,4881548,9622911,0.0057941926304836
WA09,5p,25,S,25322,20005,45327,4741301,4881503,9622804,0.0047103734005181
WA11,3p,1,S,527901,686074,1213975,9756642,10108269,19864911,0.0611115247382684
WA11,3p,2,S,497417,650884,1148301,9756642,10108269,19864911,0.0578054943211172
WA11,3p,3,S,446939,569510,1016449,9756642,10108269,19864911,0.0511680621171673
WA11,3p,4,S,390782,479349,870131,9756642,10108267,19864909,0.0438024156063337
WA11,3p,5,S,326128,377617,703745,9756642,10108269,19864911,0.0354265367712948
WA11,3p,6,S,289900,319316,609216,9756642,10108269,19864911,0.0306679451017928
WA11,3p,7,S,263844,282600,546444,9756642,10108265,19864907,0.027508006959207
WA11,3p,8,S,240814,253542,494356,9756629,10108160,19864789,0.0248860433403042
WA11,3p,9,S,225516,237446,462962,9756610,10108092,19864702,0.02330576114356
WA11,3p,10,S,208798,219963,428761,9756615,10107969,19864584,0.0215841922488787
WA11,3p,11,S,194914,203016,397930,9756587,10107918,19864505,0.0200322132366248
WA11,3p,12,S,183738,191092,374830,9756581,10108019,19864600,0.0188692447872094
WA11,3p,13,S,170761,178531,349292,9756565,10107963,19864528,0.0175837049840801
WA11,3p,14,S,159230,164316,323546,9756515,10107914,19864429,0.0162877070365324
WA11,3p,15,S,149222,150652,299874,9756471,10107972,19864443,0.0150960185493245
WA11,3p,16,S,138397,138827,277224,9756477,10108011,19864488,0.0139557586382291
WA11,3p,17,S,128276,126642,254918,9756469,10108044,19864513,0.0128328341097513
WA11,3p,18,S,118477,115833,234310,9756421,10108016,19864437,0.0117954513384899
WA11,3p,19,S,107705,104678,212383,9756438,10108000,19864438,0.0106916188618072
WA11,3p,20,S,97083,92366,189449,9756433,10107963,19864396,0.0095371135372049
WA11,3p,21,S,87768,82808,170576,9756421,10107904,19864325,0.0085870524168326
WA11,3p,22,S,77019,72863,149882,9756405,10107842,19864247,0.0075453149570683
WA11,3p,23,S,66905,61920,128825,9756375,10107816,19864191,0.0064852880240629
WA11,3p,24,S,57731,51743,109474,9756358,10107704,19864062,0.0055111587952151
WA11,3p,25,S,47709,41959,89668,9756281,10107693,19863974,0.0045141017603023
WA11,5p,1,S,581590,473679,1055269,9756641,10108269,19864910,0.053122264334447
WA11,5p,2,S,534504,431862,966366,9756471,10108196,19864667,0.0486474804737476
WA11,5p,3,S,496125,391183,887308,9756642,10108269,19864911,0.044667101705112
WA11,5p,4,S,458609,360696,819305,9756638,10108269,19864907,0.0412438376882408
WA11,5p,5,S,422988,329254,752242,9756638,10108267,19864905,0.03786788811726
WA11,5p,6,S,393500,311942,705442,9756642,10108269,19864911,0.0355119637837793
WA11,5p,7,S,369208,291849,661057,9756629,10108269,19864898,0.0332776438117125
WA11,5p,8,S,344321,266298,610619,9756500,10108261,19864761,0.0307388042574486
WA11,5p,9,S,323509,249074,572583,9756493,10108240,19864733,0.028824097459553
WA11,5p,10,S,302055,236185,538240,9756446,10108197,19864643,0.0270953774502768
WA11,5p,11,S,283293,223946,507239,9756457,10108195,19864652,0.0255347538934988
WA11,5p,12,S,267134,210152,477286,9756411,10108221,19864632,0.0240269238312594
WA11,5p,13,S,249486,195690,445176,9756334,10108178,19864512,0.0224106184939252
WA11,5p,14,S,232913,182299,415212,9756261,10108167,19864428,0.0209022882511391
WA11,5p,15,S,217551,169300,386851,9756237,10108096,19864333,0.0194746533900735
WA11,5p,16,S,202592,155635,358227,9756275,10108079,19864354,0.0180336596901162
WA11,5p,17,S,186866,142663,329529,9756369,10108078,19864447,0.0165888836472517
WA11,5p,18,S,171268,130279,301547,9756327,10108075,19864402,0.0151802707174371
WA11,5p,19,S,156677,118406,275083,9756284,10108088,19864372,0.0138480592288545
WA11,5p,20,S,140871,106458,247329,9756292,10108082,19864374,0.0124508831740683
WA11,5p,21,S,126404,94957,221361,9756251,10108036,19864287,0.0111436670241423
WA11,5p,22,S,111007,83210,194217,9756136,10108029,19864165,0.0097772546694009
WA11,5p,23,S,96285,72872,169157,9756095,10108016,19864111,0.0085157095628392
WA11,5p,24,S,80118,63150,143268,9756046,10108010,19864056,0.0072124242903866
WA11,5p,25,S,65821,51459,117280,9756056,10107943,19863999,0.0059041485050417
WA12,3p,1,S,307337,416272,723609,6632243,6940679,13572922,0.053312691253954
WA12,3p,2,S,281064,383310,664374,6632243,6940679,13572922,0.0489484872896197
WA12,3p,3,S,248665,340009,588674,6632243,6940679,13572922,0.0433712062885206
WA12,3p,4,S,215872,291628,507500,6632243,6940676,13572919,0.0373906305636982
WA12,3p,5,S,176947,237164,414111,6632243,6940678,13572921,0.030510086959174
WA12,3p,6,S,159773,209841,369614,6632243,6940679,13572922,0.027231719153768
WA12,3p,7,S,145738,190287,336025,6632243,6940676,13572919,0.0247570180003284
WA12,3p,8,S,132093,173232,305325,6632240,6940664,13572904,0.0224951859970423
WA12,3p,9,S,122050,161766,283816,6632231,6940656,13572887,0.0209105107852146
WA12,3p,10,S,111444,149175,260619,6632228,6940644,13572872,0.0192014630359735
WA12,3p,11,S,103907,137282,241189,6632231,6940642,13572873,0.0177699297709482
WA12,3p,12,S,96903,128531,225434,6632223,6940615,13572838,0.0166092014065149
WA12,3p,13,S,89563,119164,208727,6632204,6940591,13572795,0.0153783358549215
WA12,3p,14,S,83207,109861,193068,6632209,6940533,13572742,0.0142246865077078
WA12,3p,15,S,77098,101906,179004,6632188,6940474,13572662,0.0131885697882994
WA12,3p,16,S,71036,95061,166097,6632187,6940478,13572665,0.0122376114049819
WA12,3p,17,S,65194,86856,152050,6632168,6940473,13572641,0.0112026833981684
WA12,3p,18,S,59914,79865,139779,6632160,6940482,13572642,0.0102985844613009
WA12,3p,19,S,53748,72390,126138,6632121,6940435,13572556,0.0092936068932041
WA12,3p,20,S,47960,64380,112340,6632105,6940432,13572537,0.0082770081967726
WA12,3p,21,S,42785,57604,100389,6632096,6940454,13572550,0.0073964730282813
WA12,3p,22,S,37302,50475,87777,6632039,6940438,13572477,0.0064672793330207
WA12,3p,23,S,32351,42616,74967,6631950,6940459,13572409,0.0055234851823283
WA12,3p,24,S,27464,35953,63417,6631933,6940411,13572344,0.0046725164054197
WA12,3p,25,S,21469,29653,51122,6631986,6940428,13572414,0.0037666107149398
WA12,5p,1,S,443532,338824,782356,6632243,6940679,13572922,0.0576409412799985
WA12,5p,2,S,402701,299703,702404,6631949,6940524,13572473,0.0517521014777483
WA12,5p,3,S,367715,261634,629349,6632242,6940678,13572920,0.0463679886126198
WA12,5p,4,S,336776,234206,570982,6632242,6940679,13572921,0.0420677317726965
WA12,5p,5,S,307498,204987,512485,6632242,6940677,13572919,0.0377579060185948
WA12,5p,6,S,285651,194630,480281,6632242,6940679,13572921,0.0353852350573616
WA12,5p,7,S,268250,180685,448935,6632238,6940679,13572917,0.0330757935084993
WA12,5p,8,S,252139,163951,416090,6632204,6940670,13572874,0.0306559981327462
WA12,5p,9,S,235899,152084,387983,6632209,6940675,13572884,0.0285851555203743
WA12,5p,10,S,220373,142221,362594,6632199,6940665,13572864,0.0267146270676549
WA12,5p,11,S,207687,134421,342108,6632166,6940667,13572833,0.0252053495390387
WA12,5p,12,S,196439,125798,322237,6632126,6940660,13572786,0.0237414043071186
WA12,5p,13,S,183437,117192,300629,6632065,6940658,13572723,0.0221494979305184
WA12,5p,14,S,170414,107779,278193,6632026,6940638,13572664,0.0204965657442046
WA12,5p,15,S,159331,98323,257654,6631987,6940631,13572618,0.0189833678366251
WA12,5p,16,S,147825,90891,238716,6631930,6940590,13572520,0.017588185539605
WA12,5p,17,S,136676,83604,220280,6631958,6940621,13572579,0.0162297821217323
WA12,5p,18,S,125657,76552,202209,6632019,6940577,13572596,0.0148983289563765
WA12,5p,19,S,113337,69367,182704,6631996,6940532,13572528,0.0134613094922331
WA12,5p,20,S,101361,61752,163113,6631973,6940532,13572505,0.0120178994223984
WA12,5p,21,S,91174,55609,146783,6631936,6940534,13572470,0.0108147595831856
WA12,5p,22,S,80586,49444,130030,6631921,6940529,13572450,0.0095804368408061
WA12,5p,23,S,70083,41872,111955,6631926,6940534,13572460,0.0082486888891181
WA12,5p,24,S,59229,36081,95310,6631934,6940518,13572452,0.0070223125489778
WA12,5p,25,S,48567,29940,78507,6631933,6940515,13572448,0.0057842918241425
WA13,3p,1,S,252945,347383,600328,5896847,6081528,11978375,0.0501176495142287
WA13,3p,2,S,246759,337467,584226,5896847,6081528,11978375,0.0487733937199327
WA13,3p,3,S,226142,297040,523182,5896847,6081528,11978375,0.0436772099721372
WA13,3p,4,S,195894,244784,440678,5896847,6081522,11978369,0.0367894827751591
WA13,3p,5,S,163178,188621,351799,5896847,6081527,11978374,0.0293695120890364
WA13,3p,6,S,143025,156580,299605,5896847,6081528,11978375,0.0250121573251797
WA13,3p,7,S,127522,132966,260488,5896847,6081528,11978375,0.0217465223788702
WA13,3p,8,S,117055,119235,236290,5896845,6081521,11978366,0.0197263967389208
WA13,3p,9,S,111032,113466,224498,5896842,6081517,11978359,0.0187419662409517
WA13,3p,10,S,104324,107040,211364,5896843,6081517,11978360,0.0176454873622098
WA13,3p,11,S,91529,100423,191952,5896841,6081492,11978333,0.016024934354388
WA13,3p,12,S,86266,95893,182159,5896836,6081505,11978341,0.0152073646926565
WA13,3p,13,S,80332,90808,171140,5896834,6081495,11978329,0.014287468644416
WA13,3p,14,S,76017,84995,161012,5896832,6081501,11978333,0.0134419372044507
WA13,3p,15,S,70169,79951,150120,5896825,6081505,11978330,0.0125326318443389
WA13,3p,16,S,64223,75069,139292,5896830,6081509,11978339,0.0116286573622603
WA13,3p,17,S,59762,69450,129212,5896823,6081499,11978322,0.010787153659753
WA13,3p,18,S,54259,64390,118649,5896827,6081499,11978326,0.0099053073025396
WA13,3p,19,S,49003,59894,108897,5896822,6081480,11978302,0.0090911883837959
WA13,3p,20,S,44443,54787,99230,5896818,6081448,11978266,0.0082841706804641
WA13,3p,21,S,39228,49307,88535,5896824,6081466,11978290,0.0073912887398785
WA13,3p,22,S,34393,44752,79145,5896824,6081460,11978284,0.0066073738108062
WA13,3p,23,S,29551,38273,67824,5896819,6081454,11978273,0.0056622519790624
WA13,3p,24,S,25831,31650,57481,5896803,6081440,11978243,0.0047987839284943
WA13,3p,25,S,20564,26626,47190,5896783,6081437,11978220,0.003939650465595
WA13,5p,1,S,238525,265824,504349,5896847,6081528,11978375,0.0421049599799638
WA13,5p,2,S,223559,244595,468154,5896725,6081443,11978168,0.0390839400482611
WA13,5p,3,S,211910,222374,434284,5896847,6081528,11978375,0.0362556690703037
WA13,5p,4,S,202552,213087,415639,5896841,6081528,11978369,0.0346991314092928
WA13,5p,5,S,194818,206245,401063,5896841,6081528,11978369,0.0334822712507854
WA13,5p,6,S,183380,199520,382900,5896841,6081528,11978369,0.0319659546303841
WA13,5p,7,S,172181,191286,363467,5896845,6081528,11978373,0.030343603425941
WA13,5p,8,S,163510,180625,344135,5896843,6081526,11978369,0.0287297043529048
WA13,5p,9,S,155437,172400,327837,5896837,6081518,11978355,0.0273691170448696
WA13,5p,10,S,147848,167674,315522,5896833,6081518,11978351,0.0263410213976865
WA13,5p,11,S,139731,155330,295061,5896827,6081513,11978340,0.0246328790132856
WA13,5p,12,S,132572,146680,279252,5896822,6081502,11978324,0.0233131112499545
WA13,5p,13,S,125828,132463,258291,5896809,6081508,11978317,0.0215632129288279
WA13,5p,14,S,119193,125760,244953,5896802,6081520,11978322,0.020449692369265
WA13,5p,15,S,113323,120134,233457,5896798,6081508,11978306,0.0194899846439054
WA13,5p,16,S,105728,113264,218992,5896754,6081491,11978245,0.0182824779423029
WA13,5p,17,S,98904,105757,204661,5896805,6081514,11978319,0.0170859533796019
WA13,5p,18,S,92369,100789,193158,5896796,6081504,11978300,0.0161256605695299
WA13,5p,19,S,84944,95370,180314,5896797,6081472,11978269,0.0150534271688171
WA13,5p,20,S,77030,89601,166631,5896788,6081482,11978270,0.0139111073635842
WA13,5p,21,S,67386,80744,148130,5896782,6081484,11978266,0.0123665645762082
WA13,5p,22,S,60229,74816,135045,5896771,6081483,11978254,0.0112741806944484
WA13,5p,23,S,52809,68068,120877,5896768,6081501,11978269,0.0100913579416191
WA13,5p,24,S,46348,59199,105547,5896781,6081498,11978279,0.0088115329422532
WA13,5p,25,S,38696,52449,91145,5896769,6081462,11978231,0.0076092204266222
WA14,3p,1,S,427692,648869,1076561,6684341,7140972,13825313,0.0778688337833653
WA14,3p,2,S,402993,619301,1022294,6684341,7140972,13825313,0.073943642360936
WA14,3p,3,S,360967,544117,905084,6684341,7140972,13825313,0.0654657149534336
WA14,3p,4,S,310958,458288,769246,6684341,7140971,13825312,0.0556404079705398
WA14,3p,5,S,252476,363171,615647,6684341,7140970,13825311,0.0445304268381376
WA14,3p,6,S,218443,303296,521739,6684341,7140971,13825312,0.0377379548468779
WA14,3p,7,S,193812,260201,454013,6684341,7140969,13825310,0.0328392636403813
WA14,3p,8,S,172299,230761,403060,6684326,7140932,13825258,0.0291538863144543
WA14,3p,9,S,160962,216198,377160,6684323,7140920,13825243,0.0272805331522925
WA14,3p,10,S,148992,198509,347501,6684256,7140912,13825168,0.0251353907598084
WA14,3p,11,S,138983,184011,322994,6684256,7140894,13825150,0.0233627844905841
WA14,3p,12,S,130615,172384,302999,6684291,7140849,13825140,0.0219165230876504
WA14,3p,13,S,121118,159530,280648,6684289,7140794,13825083,0.0202999142934621
WA14,3p,14,S,112534,145750,258284,6684291,7140742,13825033,0.0186823423857288
WA14,3p,15,S,104759,135080,239839,6684271,7140702,13824973,0.0173482436457561
WA14,3p,16,S,97032,125898,222930,6684263,7140648,13824911,0.0161252394319211
WA14,3p,17,S,89365,115044,204409,6684212,7140653,13824865,0.0147856055013918
WA14,3p,18,S,81892,105629,187521,6684177,7140647,13824824,0.0135640786457751
WA14,3p,19,S,73238,96589,169827,6684172,7140542,13824714,0.012284304760301
WA14,3p,20,S,65691,85799,151490,6684176,7140544,13824720,0.0109579072849215
WA14,3p,21,S,58920,77316,136236,6684132,7140443,13824575,0.0098546248257179
WA14,3p,22,S,51482,67645,119127,6684105,7140560,13824665,0.0086169899957792
WA14,3p,23,S,44222,57951,102173,6683638,7140562,13824200,0.0073908797615775
WA14,3p,24,S,37500,47894,85394,6683623,7140532,13824155,0.0061771587485817
WA14,3p,25,S,30187,38546,68733,6683613,7140513,13824126,0.0049719598909905
WA14,5p,1,S,450055,343532,793587,6684341,7140972,13825313,0.0574010150800925
WA14,5p,2,S,417965,309158,727123,6684184,7140911,13825095,0.0525944306350155
WA14,5p,3,S,389798,277317,667115,6684338,7140972,13825310,0.0482531675600764
WA14,5p,4,S,363256,254140,617396,6684341,7140972,13825313,0.0446569274778806
WA14,5p,5,S,339651,230813,570464,6684341,7140972,13825313,0.0412622846224168
WA14,5p,6,S,316870,220781,537651,6684340,7140972,13825312,0.0388888872815311
WA14,5p,7,S,298724,208497,507221,6684336,7140972,13825308,0.0366878625778174
WA14,5p,8,S,281669,191985,473654,6684277,7140970,13825247,0.03426007506412
WA14,5p,9,S,266509,180835,447344,6684241,7140959,13825200,0.0323571449237624
WA14,5p,10,S,250975,171439,422414,6684210,7140628,13824838,0.0305547160841957
WA14,5p,11,S,234242,163234,397476,6684218,7140646,13824864,0.028750807241214
WA14,5p,12,S,220950,153224,374174,6684139,7140917,13825056,0.0270649174947284
WA14,5p,13,S,204987,143561,348548,6684018,7140931,13824949,0.0252115215759566
WA14,5p,14,S,190948,134672,325620,6683951,7140942,13824893,0.0235531660172704
WA14,5p,15,S,178345,125594,303939,6684030,7140908,13824938,0.021984836387693
WA14,5p,16,S,165602,115781,281383,6683910,7140868,13824778,0.0203535275575492
WA14,5p,17,S,151097,106098,257195,6683904,7140873,13824777,0.0186039167214053
WA14,5p,18,S,137359,97710,235069,6683891,7140646,13824537,0.0170037520967248
WA14,5p,19,S,124361,88477,212838,6683958,7140595,13824553,0.0153956514905038
WA14,5p,20,S,112109,79732,191841,6683860,7140558,13824418,0.0138769675511837
WA14,5p,21,S,100664,69879,170543,6683480,7140494,13823974,0.0123367564204041
WA14,5p,22,S,88747,60531,149278,6683768,7140398,13824166,0.0107983367676574
WA14,5p,23,S,76892,52317,129209,6683762,7140257,13824019,0.0093467030101738
WA14,5p,24,S,65121,43626,108747,6683714,7140421,13824135,0.0078664596374384
WA14,5p,25,S,52930,35784,88714,6683731,7140511,13824242,0.0064172777067994
WA18,3p,1,S,588358,686859,1275217,14112928,14131239,28244167,0.0451497472026702
WA18,3p,2,S,545010,637002,1182012,14112928,14131239,28244167,0.0418497737957717
WA18,3p,3,S,486834,548275,1035109,14112928,14131239,28244167,0.0366485936724563
WA18,3p,4,S,425945,458137,884082,14112928,14131238,28244166,0.0313014022081586
WA18,3p,5,S,358141,363220,721361,14112928,14131239,28244167,0.0255401761361912
WA18,3p,6,S,322509,313487,635996,14112928,14131239,28244167,0.0225177821671993
WA18,3p,7,S,294930,278588,573518,14112928,14131237,28244165,0.0203057162426292
WA18,3p,8,S,270775,248128,518903,14112927,14131187,28244114,0.0183720756827422
WA18,3p,9,S,251661,229609,481270,14112909,14131177,28244086,0.0170396733673732
WA18,3p,10,S,232125,210800,442925,14112909,14131197,28244106,0.0156820329168853
WA18,3p,11,S,216188,195647,411835,14112900,14131167,28244067,0.0145812924179793
WA18,3p,12,S,202147,183845,385992,14112895,14131136,28244031,0.0136663212131441
WA18,3p,13,S,187324,171241,358565,14112898,14131061,28243959,0.0126952811395881
WA18,3p,14,S,174176,158007,332183,14112830,14131006,28243836,0.0117612565092078
WA18,3p,15,S,161847,147935,309782,14112809,14130957,28243766,0.0109681548841609
WA18,3p,16,S,149079,136180,285259,14112765,14130927,28243692,0.0100999189482734
WA18,3p,17,S,137795,123259,261054,14112743,14130850,28243593,0.0092429458249168
WA18,3p,18,S,126252,113179,239431,14112708,14130769,28243477,0.0084773910804254
WA18,3p,19,S,113786,103050,216836,14112724,14130771,28243495,0.0076773784547556
WA18,3p,20,S,101729,92300,194029,14112697,14130797,28243494,0.0068698653219038
WA18,3p,21,S,90939,81177,172116,14112659,14130783,28243442,0.0060940164445962
WA18,3p,22,S,79415,71395,150810,14112575,14130715,28243290,0.0053396753706809
WA18,3p,23,S,68736,61251,129987,14112548,14130648,28243196,0.0046024182249062
WA18,3p,24,S,59022,52609,111631,14112551,14130690,28243241,0.0039524854813935
WA18,3p,25,S,47221,44006,91227,14112486,14130651,28243137,0.0032300590405378
WA18,5p,1,S,923773,601331,1525104,14112926,14131239,28244165,0.0539971353375113
WA18,5p,2,S,859712,539518,1399230,14112820,14131183,28244003,0.049540782161792
WA18,5p,3,S,803464,482650,1286114,14112928,14131239,28244167,0.045535561378036
WA18,5p,4,S,748752,441138,1189890,14112928,14131239,28244167,0.0421286986442191
WA18,5p,5,S,697551,398857,1096408,14112925,14131239,28244164,0.0388189220258032
WA18,5p,6,S,643554,379806,1023360,14112927,14131239,28244166,0.0362326152593778
WA18,5p,7,S,607701,356228,963929,14112921,14131239,28244160,0.0341284357545064
WA18,5p,8,S,570816,323152,893968,14112828,14131230,28244058,0.0316515424235426
WA18,5p,9,S,520187,300385,820572,14112833,14131230,28244063,0.0290529021975343
WA18,5p,10,S,479662,282561,762223,14112791,14131213,28244004,0.0269870730792985
WA18,5p,11,S,450512,268355,718867,14112776,14131211,28243987,0.0254520369238238
WA18,5p,12,S,425097,252262,677359,14112682,14131223,28243905,0.0239824840084967
WA18,5p,13,S,389135,235260,624395,14112608,14131206,28243814,0.0221073187920016
WA18,5p,14,S,361006,219964,580970,14112535,14131179,28243714,0.0205698868073795
WA18,5p,15,S,335917,202616,538533,14112545,14131148,28243693,0.0190673719615915
WA18,5p,16,S,311739,187944,499683,14112522,14131083,28243605,0.0176918987501772
WA18,5p,17,S,288171,173893,462064,14112485,14130990,28243475,0.0163600265193996
WA18,5p,18,S,264804,156845,421649,14112481,14130987,28243468,0.0149290802390131
WA18,5p,19,S,241041,140461,381502,14112359,14130867,28243226,0.0135077345626168
WA18,5p,20,S,218672,126537,345209,14112397,14130866,28243263,0.0122227024547411
WA18,5p,21,S,194274,113662,307936,14112347,14130679,28243026,0.0109030809942249
WA18,5p,22,S,167935,99955,267890,14112376,14129592,28241968,0.0094855287705162
WA18,5p,23,S,145606,86352,231958,14112288,14129275,28241563,0.0082133556134977
WA18,5p,24,S,124120,72912,197032,14112253,14129481,28241734,0.0069766254437493
WA18,5p,25,S,101687,58037,159724,14112273,14130551,28242824,0.0056553834701515
WA22,3p,1,S,125424,204815,330239,1513709,1653397,3167106,0.1042715336966934
WA22,3p,2,S,121056,196555,317611,1513709,1653396,3167105,0.1002843290639243
WA22,3p,3,S,107395,164544,271939,1513709,1653396,3167105,0.0858635883559275
WA22,3p,4,S,88642,130063,218705,1513709,1653394,3167103,0.0690552217594438
WA22,3p,5,S,68913,94671,163584,1513709,1653397,3167106,0.0516509393749372
WA22,3p,6,S,55203,69261,124464,1513709,1653397,3167106,0.039298968837797
WA22,3p,7,S,44706,50839,95545,1513709,1653397,3167106,0.0301679198612234
WA22,3p,8,S,35349,37337,72686,1513709,1653395,3167104,0.0229503041264195
WA22,3p,9,S,32389,34199,66588,1513709,1653397,3167106,0.021024872549261
WA22,3p,10,S,29828,30493,60321,1513706,1653396,3167102,0.0190461185020248
WA22,3p,11,S,27410,28092,55502,1513685,1653390,3167075,0.0175246876060718
WA22,3p,12,S,25491,26201,51692,1513662,1653379,3167041,0.0163218600580163
WA22,3p,13,S,23564,24390,47954,1513689,1653380,3167069,0.0151414446606625
WA22,3p,14,S,21997,22852,44849,1513686,1653352,3167038,0.0141611815203985
WA22,3p,15,S,20626,21575,42201,1513677,1653343,3167020,0.01332514477332
WA22,3p,16,S,18892,19463,38355,1513637,1653341,3166978,0.0121109145690307
WA22,3p,17,S,17659,17462,35121,1513671,1653319,3166990,0.0110897097875269
WA22,3p,18,S,16390,15612,32002,1513665,1653288,3166953,0.0101049810338202
WA22,3p,19,S,14942,14106,29048,1513662,1653275,3166937,0.0091722696094049
WA22,3p,20,S,13321,12638,25959,1513684,1653304,3166988,0.0081967471932321
WA22,3p,21,S,12011,11695,23706,1513677,1653327,3167004,0.0074853078808867
WA22,3p,22,S,10512,10091,20603,1513684,1653356,3167040,0.0065054435687582
WA22,3p,23,S,9127,8347,17474,1513676,1653329,3167005,0.0055175157601582
WA22,3p,24,S,7763,7263,15026,1513672,1653285,3166957,0.0047446176250577
WA22,3p,25,S,6386,6016,12402,1513669,1653296,3166965,0.0039160521193003
WA22,5p,1,S,104282,88498,192780,1513709,1653397,3167106,0.060869449901582
WA22,5p,2,S,86172,67959,154131,1513674,1653378,3167052,0.0486670253598614
WA22,5p,3,S,69803,50190,119993,1513709,1653397,3167106,0.0378872699555998
WA22,5p,4,S,65814,46087,111901,1513709,1653397,3167106,0.0353322560091136
WA22,5p,5,S,62210,42242,104452,1513708,1653396,3167104,0.0329802873539991
WA22,5p,6,S,58988,39129,98117,1513704,1653397,3167101,0.030980066628756
WA22,5p,7,S,55274,36806,92080,1513707,1653397,3167104,0.0290738794810653
WA22,5p,8,S,52373,33664,86037,1513692,1653397,3167089,0.027165955866728
WA22,5p,9,S,48895,31651,80546,1513700,1653389,3167089,0.0254321870967314
WA22,5p,10,S,44750,30183,74933,1513705,1653389,3167094,0.0236598597957622
WA22,5p,11,S,42356,28417,70773,1513699,1653381,3167080,0.0223464516210515
WA22,5p,12,S,40824,26829,67653,1513692,1653345,3167037,0.0213616070794247
WA22,5p,13,S,37845,25267,63112,1513697,1653377,3167074,0.019927541951972
WA22,5p,14,S,36187,23720,59907,1513677,1653376,3167053,0.0189156922855411
WA22,5p,15,S,32577,21963,54540,1513695,1653381,3167076,0.0172209318627023
WA22,5p,16,S,31139,20618,51757,1513668,1653368,3167036,0.0163424097484209
WA22,5p,17,S,29072,19259,48331,1513675,1653395,3167070,0.015260477349727
WA22,5p,18,S,27189,17555,44744,1513651,1653392,3167043,0.0141280052086441
WA22,5p,19,S,23986,15905,39891,1513674,1653350,3167024,0.0125957365653054
WA22,5p,20,S,22164,13629,35793,1513678,1653356,3167034,0.0113017416295499
WA22,5p,21,S,15760,12157,27917,1513690,1653371,3167061,0.0088147970626394
WA22,5p,22,S,13874,10675,24549,1513691,1653380,3167071,0.0077513260675242
WA22,5p,23,S,11723,9208,20931,1513634,1653393,3167027,0.0066090374347929
WA22,5p,24,S,10025,7917,17942,1513632,1653375,3167007,0.0056652858676977
WA22,5p,25,S,8125,6446,14571,1513644,1653364,3167008,0.0046008724954278
WA25,3p,1,S,232652,333066,565718,3375244,3569089,6944333,0.081464699345495
WA25,3p,2,S,223612,320980,544592,3375244,3569089,6944333,0.0784225065243847
WA25,3p,3,S,201424,283802,485226,3375244,3569089,6944333,0.0698736653325812
WA25,3p,4,S,175378,239929,415307,3375244,3569087,6944331,0.0598051849775017
WA25,3p,5,S,145378,191409,336787,3375244,3569089,6944333,0.0484981062976098
WA25,3p,6,S,125753,157059,282812,3375244,3569089,6944333,0.0407255815641329
WA25,3p,7,S,111123,134419,245542,3375244,3569089,6944333,0.0353586154350605
WA25,3p,8,S,99277,119235,218512,3375239,3569076,6944315,0.0314663145321028
WA25,3p,9,S,93739,112625,206364,3375240,3569076,6944316,0.0297169656449965
WA25,3p,10,S,87817,106810,194627,3375240,3569075,6944315,0.0280268104197462
WA25,3p,11,S,82522,100157,182679,3375233,3569054,6944287,0.0263063724180754
WA25,3p,12,S,77636,95013,172649,3375226,3569069,6944295,0.0248619910300469
WA25,3p,13,S,72204,88781,160985,3375230,3569053,6944283,0.0231823789439456
WA25,3p,14,S,66813,83015,149828,3375223,3569037,6944260,0.0215758050533822
WA25,3p,15,S,62473,75783,138256,3375218,3569039,6944257,0.0199094013945624
WA25,3p,16,S,57721,70116,127837,3375196,3569030,6944226,0.0184091070768722
WA25,3p,17,S,53369,62564,115933,3375198,3569022,6944220,0.0166948915788958
WA25,3p,18,S,49162,57898,107060,3375213,3569006,6944219,0.0154171405020492
WA25,3p,19,S,44463,52606,97069,3375204,3569005,6944209,0.01397840992401
WA25,3p,20,S,40311,47261,87572,3375190,3568979,6944169,0.0126108681974761
WA25,3p,21,S,36115,42910,79025,3375199,3568998,6944197,0.0113800054923557
WA25,3p,22,S,31178,37771,68949,3375179,3568994,6944173,0.009929044106476
WA25,3p,23,S,26812,33010,59822,3375175,3568972,6944147,0.0086147369864146
WA25,3p,24,S,22654,28251,50905,3375177,3568962,6944139,0.0073306424309766
WA25,3p,25,S,18318,22984,41302,3375156,3568970,6944126,0.0059477607405165
WA25,5p,1,S,198675,167690,366365,3375244,3569089,6944333,0.0527574066508619
WA25,5p,2,S,183160,149155,332315,3375147,3569045,6944192,0.0478550996285817
WA25,5p,3,S,170430,134596,305026,3375243,3569089,6944332,0.043924455224779
WA25,5p,4,S,160501,126949,287450,3375243,3569089,6944332,0.0413934702430701
WA25,5p,5,S,151649,118957,270606,3375244,3569088,6944332,0.0389678949681553
WA25,5p,6,S,142685,114222,256907,3375244,3569089,6944333,0.0369952016989968
WA25,5p,7,S,135165,109169,244334,3375242,3569089,6944331,0.0351846707767818
WA25,5p,8,S,127906,100655,228561,3375221,3569088,6944309,0.0329134259434596
WA25,5p,9,S,121566,95352,216918,3375227,3569087,6944314,0.031236778751652
WA25,5p,10,S,114915,89974,204889,3375217,3569085,6944302,0.02950462119879
WA25,5p,11,S,108356,84624,192980,3375193,3569088,6944281,0.0277897740601222
WA25,5p,12,S,102501,79819,182320,3375142,3569084,6944226,0.0262549058743191
WA25,5p,13,S,95951,74702,170653,3375133,3569081,6944214,0.0245748474917391
WA25,5p,14,S,89732,70150,159882,3375151,3569071,6944222,0.0230237454966157
WA25,5p,15,S,83925,65567,149492,3375137,3569055,6944192,0.0215276305724265
WA25,5p,16,S,78390,60978,139368,3375081,3569035,6944116,0.0200699412279403
WA25,5p,17,S,72991,56485,129476,3375076,3568871,6943947,0.0186458796416504
WA25,5p,18,S,66854,52242,119096,3375102,3568996,6944098,0.0171506796131045
WA25,5p,19,S,61071,47438,108509,3375134,3569021,6944155,0.015625947289483
WA25,5p,20,S,54900,42881,97781,3375145,3569019,6944164,0.0140810326484224
WA25,5p,21,S,49491,38621,88112,3375130,3569013,6944143,0.0126886787901689
WA25,5p,22,S,43496,34010,77506,3375139,3569001,6944140,0.0111613533137292
WA25,5p,23,S,37388,29761,67149,3375144,3569002,6944146,0.0096698715724006
WA25,5p,24,S,31558,25269,56827,3375124,3568967,6944091,0.0081835045076454
WA25,5p,25,S,25829,20994,46823,3375125,3568950,6944075,0.0067428707207223
WA26,3p,1,S,196117,289617,485734,2709623,2900126,5609749,0.0865874747693702
WA26,3p,2,S,186936,280141,467077,2709623,2900126,5609749,0.0832616575180101
WA26,3p,3,S,165634,241402,407036,2709623,2900126,5609749,0.0725586831068555
WA26,3p,4,S,137941,196663,334604,2709623,2900126,5609749,0.0596468754662641
WA26,3p,5,S,107407,146677,254084,2709623,2900126,5609749,0.0452932920884695
WA26,3p,6,S,88048,113167,201215,2709623,2900126,5609749,0.0358688062514026
WA26,3p,7,S,72996,87838,160834,2709623,2900126,5609749,0.0286704449699977
WA26,3p,8,S,59797,71242,131039,2709619,2900114,5609733,0.0233592222660151
WA26,3p,9,S,55196,67113,122309,2709613,2900111,5609724,0.0218030334469218
WA26,3p,10,S,50863,62546,113409,2709609,2900074,5609683,0.0202166503882661
WA26,3p,11,S,47330,58006,105336,2709594,2900076,5609670,0.0187775751514795
WA26,3p,12,S,44388,54783,99171,2709607,2900081,5609688,0.0176785232975523
WA26,3p,13,S,41069,51067,92136,2709604,2900084,5609688,0.016424442856715
WA26,3p,14,S,38109,47261,85370,2709584,2900069,5609653,0.0152184101226938
WA26,3p,15,S,35527,44559,80086,2709593,2900082,5609675,0.0142764063871792
WA26,3p,16,S,32886,42005,74891,2709580,2900075,5609655,0.013350375379591
WA26,3p,17,S,30424,38493,68917,2709570,2900078,5609648,0.0122854410829342
WA26,3p,18,S,28172,35751,63923,2709582,2900059,5609641,0.0113952033650638
WA26,3p,19,S,25456,33274,58730,2709567,2900016,5609583,0.0104695839245091
WA26,3p,20,S,22797,30336,53133,2709563,2899983,5609546,0.0094718895254624
WA26,3p,21,S,20218,26359,46577,2709562,2900021,5609583,0.0083031127269174
WA26,3p,22,S,17723,23674,41397,2709522,2900007,5609529,0.0073797639694883
WA26,3p,23,S,15363,20864,36227,2709541,2899974,5609515,0.0064581340811103
WA26,3p,24,S,13115,18175,31290,2709558,2899951,5609509,0.0055780283087165
WA26,3p,25,S,10498,15253,25751,2709500,2900002,5609502,0.0045906035865572
WA26,5p,1,S,122120,120178,242298,2709622,2900126,5609748,0.04319231452108
WA26,5p,2,S,109339,103036,212375,2709554,2900092,5609646,0.0378588951958822
WA26,5p,3,S,98096,88818,186914,2709623,2900126,5609749,0.0333194943303167
WA26,5p,4,S,90673,81388,172061,2709623,2900126,5609749,0.0306717822847332
WA26,5p,5,S,83736,73673,157409,2709623,2900125,5609748,0.0280599057212552
WA26,5p,6,S,77871,70217,148088,2709621,2900126,5609747,0.0263983384633923
WA26,5p,7,S,73414,66174,139588,2709622,2900126,5609748,0.0248831141791039
WA26,5p,8,S,69201,60128,129329,2709609,2900124,5609733,0.0230543949239651
WA26,5p,9,S,65245,55976,121221,2709594,2900123,5609717,0.0216091114756769
WA26,5p,10,S,61062,53058,114120,2709601,2900123,5609724,0.020343246833534
WA26,5p,11,S,57463,50247,107710,2709605,2900103,5609708,0.019200642885512
WA26,5p,12,S,54383,47594,101977,2709595,2900107,5609702,0.0181786840013961
WA26,5p,13,S,50989,44944,95933,2709592,2900104,5609696,0.0171012832067905
WA26,5p,14,S,47723,41524,89247,2709563,2900089,5609652,0.0159095430518684
WA26,5p,15,S,44744,38562,83306,2709545,2900085,5609630,0.0148505338141731
WA26,5p,16,S,41754,35270,77024,2709540,2900076,5609616,0.013730708126902
WA26,5p,17,S,38791,32667,71458,2709554,2900055,5609609,0.0127384992429953
WA26,5p,18,S,35829,29707,65536,2709554,2900082,5609636,0.0116827544603607
WA26,5p,19,S,32228,26783,59011,2709570,2900086,5609656,0.0105195398790941
WA26,5p,20,S,28839,24108,52947,2709563,2900082,5609645,0.0094385651854974
WA26,5p,21,S,25836,21476,47312,2709545,2900061,5609606,0.0084341039281546
WA26,5p,22,S,22631,19000,41631,2709542,2900059,5609601,0.0074213834459884
WA26,5p,23,S,19638,16448,36086,2709528,2900065,5609593,0.0064329087689606
WA26,5p,24,S,16746,13808,30554,2709495,2900057,5609552,0.0054467807767893
WA26,5p,25,S,13548,11431,24979,2709506,2900041,5609547,0.0044529442395259
